50
1561 327 1421
0 20 0
0 60 0
0 25 0
0 27 0
0 48 0
0 81 0
0 72 0
0 28 0
0 47 0
0 81 0
0 86 0
0 34 0
0 75 0
0 34 0
0 86 0
0 85 0
0 61 0
0 57 0
0 41 0
0 98 0
0 59 0
0 55 0
0 44 0
0 41 0
0 63 0
0 62 0
0 58 0
0 77 0
0 97 0
0 85 0
0 84 0
0 22 0
0 97 0
0 62 0
0 91 0
0 20 0
0 64 0
0 24 0
0 90 0
0 61 0
0 72 0
0 22 0
0 78 0
0 57 0
0 99 0
0 57 0
0 76 0
0 34 0
0 85 0

schrpmtn:
3309

schr:
3353
2 3 4 5 6 7 8 9 10 11 12 13 14 15 16 17 18 19 20 21 22 23 24 25 26
27 28 29 1 30 31 32 33 34 35 36 37 38 39 40 41 42 43 44 45 46 47 48 49 50

