100 20 2000
20 12 83 8 59 19 49 16 84 1 35 9 68 20 58 7 66 14 44 15 2 18 63 3 25 5 70 2 1 17 84 4 56 10 35 6 46 13 81 11 58
20 1 11 15 67 8 45 2 86 12 91 17 60 7 61 5 6 9 95 6 18 14 7 19 73 10 3 18 92 16 30 13 93 20 7 11 37 3 14 4 9
20 16 34 5 5 11 2 15 72 6 26 14 55 10 24 20 61 9 28 17 98 8 3 13 1 12 28 2 92 4 39 7 26 1 91 3 41 19 6 18 92
20 1 9 6 77 12 47 8 45 7 82 11 20 5 86 19 88 4 18 9 83 15 22 10 73 18 92 3 84 20 68 14 55 2 65 17 10 16 64 13 60
20 4 62 11 75 2 29 14 81 19 89 20 34 6 34 12 24 7 98 18 95 9 60 15 23 10 54 17 72 5 3 13 82 3 41 1 49 16 97 8 49
20 4 80 2 95 18 51 17 96 3 24 6 15 15 90 13 73 12 99 8 68 14 96 20 67 16 96 11 56 1 23 7 38 19 97 9 44 10 41 5 83
20 18 8 14 92 19 66 2 59 10 31 9 63 12 2 5 13 17 32 6 39 4 53 11 24 3 85 13 25 15 53 1 90 7 49 8 42 20 54 16 1
20 20 10 15 68 17 86 18 26 8 64 10 30 12 78 3 71 16 95 4 17 19 92 6 30 13 41 7 54 2 12 5 4 9 17 14 60 11 54 1 83
20 11 24 4 23 6 46 9 39 15 32 5 40 17 52 3 36 18 83 16 23 19 18 8 92 13 95 10 67 20 31 14 25 1 69 12 46 2 51 7 93
20 16 54 3 81 8 37 12 52 13 66 5 2 18 96 9 95 1 44 11 91 15 83 6 67 10 22 7 44 4 1 20 21 14 45 2 37 19 71 17 50
20 17 52 5 19 2 8 18 85 6 64 13 32 16 22 1 37 15 54 14 96 19 92 3 58 20 16 12 86 4 57 8 3 9 68 10 94 11 17 7 30
20 16 29 7 8 8 89 4 33 20 14 14 99 15 84 1 78 13 5 12 76 18 61 3 95 5 21 17 9 2 95 19 56 11 27 9 75 10 42 6 5
20 11 57 1 30 8 52 14 90 5 58 18 10 3 43 16 7 15 80 13 16 6 10 10 92 19 56 17 21 20 76 4 15 2 95 9 10 12 64 7 68
20 9 46 3 77 8 23 17 33 19 4 13 66 12 5 20 52 16 2 5 34 15 24 10 89 4 46 18 35 7 10 6 24 11 53 2 98 14 19 1 49
20 19 91 12 95 14 1 17 90 18 75 7 59 1 36 15 57 13 73 4 39 16 82 3 7 9 27 20 1 5 39 8 21 11 70 6 14 10 12 2 69
20 14 33 13 13 10 76 1 33 18 65 16 24 2 50 20 39 7 41 8 70 6 47 19 89 15 32 5 49 17 71 12 31 3 13 11 68 4 65 9 93
20 14 55 19 81 10 36 5 28 2 94 9 85 18 20 17 94 6 77 15 20 20 74 16 32 4 68 11 24 8 1 3 75 7 16 1 79 13 82 12 35
20 14 78 11 89 13 63 1 41 20 19 15 68 19 87 9 6 6 51 4 1 12 48 2 75 10 5 3 47 17 92 18 45 7 52 8 21 16 27 5 84
20 11 90 5 4 4 70 18 36 14 46 2 78 3 60 1 67 13 39 7 71 8 61 16 75 9 13 17 69 10 76 12 4 19 54 6 97 20 29 15 59
20 19 44 7 89 10 36 14 25 20 32 15 77 4 72 6 39 13 81 2 58 5 49 18 56 8 22 9 46 3 15 11 58 17 53 12 27 16 56 1 11
20 16 25 14 66 2 4 5 23 20 78 15 29 19 16 6 69 9 26 17 68 11 95 13 56 7 31 18 10 8 83 12 74 4 3 3 8 1 24 10 68
20 10 19 18 29 6 94 19 24 9 86 13 16 15 64 14 39 1 20 11 57 7 15 12 34 2 68 8 82 5 57 4 13 20 57 16 86 3 72 17 33
20 2 46 8 84 18 16 12 12 10 22 15 73 19 31 3 90 16 57 1 94 5 23 20 51 11 17 6 73 13 23 7 34 17 48 9 83 4 32 14 35
20 20 6 11 32 14 10 19 62 8 74 13 82 12 51 16 51 4 51 17 71 10 28 5 27 1 87 7 22 3 33 15 45 18 44 6 96 2 81 9 53
20 7 43 10 42 18 66 3 75 12 65 17 83 5 64 2 21 14 6 1 53 11 1 13 67 19 80 16 25 6 37 15 71 20 17 9 48 4 43 8 12
20 11 90 2 67 15 42 8 71 16 13 5 98 14 24 3 77 6 69 18 90 1 80 9 73 19 54 7 13 13 29 12 25 10 62 17 11 4 44 20 13
20 9 73 13 67 14 52 8 6 6 30 7 25 20 73 12 86 4 53 2 19 10 84 16 52 18 80 17 63 11 21 5 2 15 78 3 29 19 44 1 90
20 18 99 19 6 2 72 9 67 17 69 8 50 6 2 1 53 12 31 10 61 5 81 16 94 13 23 20 89 3 21 4 75 14 99 15 51 7 68 11 97
20 7 48 9 70 8 62 1 60 17 74 6 98 19 26 14 96 10 10 2 68 3 36 4 6 15 24 18 4 11 12 20 29 16 46 13 79 5 28 12 79
20 11 54 16 41 8 61 14 56 10 42 3 59 9 95 7 46 2 43 18 1 12 49 20 42 6 2 13 32 5 55 15 2 4 57 17 60 1 76 19 40
20 18 79 2 43 5 79 12 50 14 51 15 23 10 12 20 38 7 80 8 65 16 42 11 91 1 76 19 74 9 36 6 27 4 47 3 44 13 10 17 69
20 11 33 8 65 14 93 9 44 10 80 4 83 13 54 16 91 7 87 18 37 20 71 19 3 5 33 15 38 17 80 3 91 2 79 1 55 12 90 6 5
20 15 76 9 18 8 19 6 57 14 71 11 86 7 59 3 17 19 21 17 42 16 2 10 51 4 84 5 22 12 7 20 17 1 52 2 84 18 16 13 28
20 10 23 14 48 17 68 7 91 11 76 20 92 13 39 5 12 18 15 4 42 6 5 19 5 12 85 16 78 8 75 2 81 1 51 9 35 3 70 15 87
20 10 2 13 37 7 30 9 14 12 44 11 68 4 22 5 24 16 13 8 80 15 50 18 89 2 12 19 45 20 36 3 30 6 28 17 56 14 58 1 60
20 13 92 14 34 12 2 2 35 11 82 15 60 20 76 8 3 7 89 10 8 9 97 3 23 6 26 19 49 1 66 18 37 16 55 4 72 5 70 17 63
20 2 72 16 41 13 53 19 83 11 4 10 68 14 40 4 80 9 17 8 90 6 57 3 81 20 24 1 26 15 35 7 13 5 38 18 59 17 46 12 38
20 15 72 12 65 3 50 10 92 11 88 14 11 16 83 19 87 4 42 8 57 18 87 17 83 6 43 5 98 2 47 13 74 7 61 1 3 9 81 20 18
20 15 13 2 44 14 84 9 19 7 69 11 23 8 32 1 30 10 26 20 64 17 55 5 27 16 52 18 17 3 97 19 21 4 73 13 45 12 31 6 49
20 3 38 6 80 17 48 19 54 1 54 8 38 14 39 4 49 5 29 20 98 9 86 13 20 18 23 16 22 15 81 7 38 2 98 12 96 11 90 10 14
20 10 70 13 48 7 93 20 86 3 21 12 97 2 7 18 68 14 5 9 13 8 26 16 79 5 94 19 25 11 50 17 31 1 37 6 83 4 41 15 7
20 15 93 12 75 4 33 10 46 7 14 18 17 5 70 14 63 20 38 17 63 11 45 1 99 8 41 16 12 19 64 13 34 6 12 2 54 3 66 9 31
20 13 60 19 97 7 95 8 41 14 71 2 88 20 91 1 92 11 99 10 52 16 69 18 79 12 30 9 3 6 55 4 59 17 88 3 28 15 71 5 73
20 19 53 2 97 11 53 5 29 8 64 3 19 15 15 14 79 4 99 17 39 13 72 6 82 7 77 12 25 20 96 16 92 18 98 9 79 10 31 1 19
20 8 56 5 6 7 63 17 50 13 67 2 80 19 60 1 36 9 10 18 14 20 44 6 81 14 54 4 20 11 67 3 25 15 49 12 78 10 75 16 3
20 17 83 5 73 2 22 3 4 1 30 18 27 7 76 9 54 10 48 4 82 13 89 11 8 8 80 19 26 14 98 12 97 6 10 20 66 15 76 16 77
20 18 75 4 99 3 70 5 75 9 16 20 69 17 52 7 21 16 23 2 28 11 56 6 5 8 78 14 72 13 56 19 23 1 30 15 51 10 27 12 38
20 17 96 18 25 5 56 14 67 19 77 16 61 8 55 6 87 1 20 15 60 9 40 7 23 10 17 11 24 2 37 4 52 13 46 20 96 12 19 3 46
20 4 34 9 9 8 13 16 74 10 4 13 5 18 41 5 3 3 61 6 28 12 48 15 63 7 37 2 58 14 6 11 91 1 35 17 95 19 98 20 90
20 4 50 1 26 18 10 11 75 5 93 14 9 19 92 8 55 10 63 16 51 3 33 15 60 6 91 7 51 9 96 13 18 20 75 12 73 17 50 2 62
20 13 28 9 41 7 92 12 57 4 10 17 5 11 85 20 41 2 98 8 12 16 62 10 39 3 53 15 51 14 81 5 56 1 39 18 5 19 90 6 65
20 18 83 4 57 3 47 8 37 2 10 11 13 7 1 15 98 20 35 12 17 14 59 9 86 5 16 1 66 6 1 19 19 17 10 10 1 16 59 13 67
20 2 24 9 69 8 87 12 87 16 95 15 44 11 8 7 42 10 21 14 39 18 75 6 79 5 73 17 21 19 8 4 87 3 66 20 25 13 58 1 91
20 5 45 12 29 9 95 18 55 4 62 14 97 10 77 3 2 1 43 2 68 6 94 17 20 16 61 11 78 13 65 7 70 15 42 8 69 19 59 20 38
20 19 79 7 55 18 65 12 61 4 85 14 36 10 31 16 80 9 1 13 62 6 73 11 31 3 62 20 13 17 27 8 28 15 52 1 71 5 76 2 73
20 14 8 20 75 8 10 10 65 3 39 12 50 15 15 1 46 17 6 16 16 2 87 11 31 5 78 6 33 4 81 18 1 19 86 7 16 9 64 13 55
20 12 45 9 51 11 66 17 28 13 56 8 42 16 93 5 5 15 99 18 16 20 76 2 32 6 29 10 33 3 23 7 65 19 52 4 99 14 91 1 12
20 5 57 18 91 7 8 11 79 17 61 8 54 3 47 20 93 12 39 14 62 4 6 2 63 9 28 6 4 1 84 13 60 16 70 19 22 15 76 10 61
20 18 97 3 40 8 40 5 86 10 97 16 45 20 31 17 56 6 95 13 30 12 87 4 23 2 71 1 61 9 92 7 1 11 5 15 92 19 26 14 15
20 13 24 5 58 20 62 6 41 18 11 7 17 15 45 12 73 1 2 19 57 9 65 3 51 14 75 8 59 2 97 11 88 4 52 16 8 17 59 10 71
20 8 18 20 68 13 70 4 85 16 8 11 96 3 82 6 34 1 76 10 45 19 99 18 39 2 26 9 76 7 45 12 77 17 97 15 3 14 5 5 53
20 8 12 9 60 5 53 4 51 19 17 20 41 12 25 15 90 7 21 1 65 17 34 6 51 18 60 10 51 11 67 13 97 16 40 2 24 3 22 14 29
20 18 29 14 36 20 91 7 68 4 64 19 2 13 6 10 65 17 44 9 50 6 21 2 64 8 6 15 99 12 44 5 13 16 42 3 12 1 15 11 42
20 17 32 3 59 12 29 8 75 13 54 15 93 10 41 18 10 1 63 11 70 5 84 2 23 7 9 14 39 20 9 9 23 6 68 4 65 16 9 19 64
20 17 83 10 26 8 3 19 37 12 66 9 63 5 10 4 83 3 80 16 45 2 16 1 82 20 12 6 85 11 30 13 2 14 7 15 13 18 35 7 46
20 5 21 2 29 18 50 7 5 9 6 14 6 20 88 1 50 15 50 10 65 4 68 13 71 11 45 6 51 19 52 8 53 17 37 16 1 3 9 12 41
20 13 88 7 55 17 65 1 97 3 94 20 73 5 47 9 8 8 74 15 43 6 98 4 13 19 8 12 32 16 53 11 70 14 70 18 37 2 52 10 21
20 16 41 19 31 12 53 14 34 20 88 8 96 2 69 3 92 17 35 9 3 15 53 18 92 5 54 10 21 13 90 11 68 4 23 7 16 6 39 1 25
20 3 35 14 49 12 2 13 34 5 89 18 36 8 81 15 29 7 99 9 96 6 5 4 28 16 97 17 11 20 79 19 91 10 65 2 5 11 94 1 94
20 10 84 7 34 8 56 9 77 15 31 3 97 4 80 5 88 19 33 17 73 16 71 13 37 1 78 14 81 11 71 20 50 18 46 12 90 6 22 2 25
20 10 78 3 93 13 11 16 53 9 57 14 3 2 52 20 4 6 99 17 24 15 10 8 41 5 9 11 27 12 19 19 90 18 55 7 43 1 5 4 9
20 7 20 19 46 12 57 9 63 5 70 8 64 20 55 10 30 6 26 3 6 18 70 16 48 1 91 2 97 17 77 11 94 14 88 4 75 13 52 15 77
20 13 35 17 41 9 48 20 97 18 73 1 73 15 67 7 19 19 72 2 82 6 79 5 45 10 28 14 64 8 22 16 65 4 79 3 14 12 29 11 36
20 11 55 2 54 3 86 9 10 8 73 13 32 5 61 20 50 17 33 6 81 7 57 15 99 10 12 4 49 19 37 18 72 12 90 16 60 1 6 14 66
20 8 35 15 34 13 97 6 23 11 69 14 56 4 38 17 15 3 67 2 75 5 52 20 91 16 55 1 56 12 73 19 80 10 88 18 25 7 20 9 65
20 2 65 14 76 18 6 1 39 20 91 13 84 16 14 17 13 11 32 19 29 5 23 7 12 6 33 3 59 15 40 4 21 9 8 12 82 8 73 10 77
20 14 53 5 21 8 5 10 41 9 93 19 28 3 37 20 76 13 43 7 32 18 17 15 11 1 72 17 32 6 47 16 68 12 90 2 65 11 63 4 60
20 15 91 4 81 2 76 5 44 18 30 8 84 17 54 1 26 9 19 12 93 11 83 7 7 13 44 19 8 6 5 14 66 10 58 3 98 16 81 20 36
20 13 33 14 56 12 85 19 15 10 38 9 64 3 24 5 73 6 19 1 26 15 59 7 12 11 14 18 22 8 38 2 65 4 58 16 92 17 40 20 52
20 19 92 6 12 8 82 4 41 20 51 12 46 2 7 14 30 10 26 9 89 7 62 3 81 15 82 13 85 5 70 17 34 1 15 18 98 11 97 16 48
20 7 11 17 10 11 73 20 50 14 3 1 16 16 24 10 88 13 94 9 11 18 58 8 4 5 66 19 58 15 42 6 69 3 98 2 50 12 25 4 46
20 18 87 16 97 11 84 14 49 12 82 19 3 10 76 2 77 6 35 1 41 8 56 5 31 13 50 17 56 15 75 4 42 3 37 9 94 20 3 7 14
20 3 88 4 77 9 64 2 42 14 7 16 84 20 16 8 20 7 56 11 7 6 47 15 2 1 49 5 53 12 65 18 76 10 82 13 12 17 41 19 94
20 16 84 6 99 2 61 12 28 17 59 1 64 5 51 8 77 14 26 19 43 9 72 18 63 13 68 10 4 7 86 11 87 4 77 3 8 20 47 15 38
20 7 7 1 40 4 96 15 7 13 82 10 61 9 89 17 76 5 35 19 97 14 95 2 5 11 4 8 11 6 83 20 65 16 86 3 14 12 17 18 34
20 3 51 11 72 20 74 14 35 12 92 1 53 18 19 5 90 13 35 10 47 6 49 19 34 2 68 7 46 15 80 9 30 8 71 17 31 4 50 16 70
20 8 31 11 71 5 45 7 75 13 40 16 87 17 55 18 21 12 18 10 21 2 1 3 5 20 17 9 83 19 58 14 68 15 66 1 89 6 35 4 67
20 8 85 13 13 4 46 15 96 11 90 3 31 16 75 19 88 17 18 10 80 6 48 2 74 12 55 9 68 20 88 5 85 18 55 7 6 14 82 1 82
20 18 89 7 52 9 29 12 38 8 90 14 70 1 4 6 86 2 48 11 59 17 75 5 38 10 37 4 46 19 40 16 23 20 19 15 3 13 35 3 71
20 16 64 2 60 8 86 20 14 11 61 7 87 6 47 18 83 3 66 17 78 9 90 15 80 14 80 4 58 5 8 10 14 12 43 1 4 19 1 13 3
20 18 5 6 61 20 23 5 57 17 67 8 49 14 88 11 23 12 12 3 3 9 29 15 69 10 52 16 13 19 16 2 2 1 13 7 50 4 46 13 73
20 18 85 19 86 20 48 8 71 7 83 14 17 16 17 2 18 17 34 10 7 9 2 6 41 15 34 4 37 12 7 13 88 1 59 5 56 3 63 11 50
20 9 59 3 49 14 81 7 13 19 29 4 19 20 5 8 77 1 71 5 11 2 68 10 90 11 62 6 96 15 70 18 31 13 55 12 80 16 55 17 85
20 15 85 8 88 18 97 19 58 5 83 10 47 13 84 14 95 11 62 6 72 7 75 12 40 1 52 9 79 20 48 16 53 2 5 4 38 17 44 3 28
20 19 4 5 16 2 82 14 45 7 65 4 35 17 58 1 31 9 45 15 12 12 58 20 51 10 43 8 12 18 48 3 38 11 72 6 93 13 11 16 94
20 17 42 20 49 14 84 19 90 8 16 11 78 18 83 4 82 10 7 7 99 1 22 5 14 9 63 2 81 16 78 15 7 6 31 13 14 3 59 12 33
20 11 14 1 67 2 66 10 24 4 75 19 85 14 62 8 59 9 65 6 74 16 58 3 18 18 90 7 81 12 53 17 24 13 8 15 17 20 99 5 62
20 5 68 10 93 4 19 11 51 9 36 7 85 13 66 19 7 18 51 17 89 8 11 12 70 16 2 14 11 20 49 6 41 1 68 15 80 2 51 3 2
20 6 92 20 16 1 6 14 22 17 93 7 89 18 29 11 34 16 62 2 19 4 61 15 18 3 91 9 16 10 27 8 4 13 69 19 2 5 7 12 83
20 5 16 8 19 15 32 9 39 14 19 13 51 12 11 2 31 18 23 10 72 20 49 1 71 3 33 17 73 7 3 16 54 4 37 11 24 6 17 19 60

insa:
6329
1963 21 1682 61 1922 982 905 304 564 1504 1189 1324 208 429 1992 888 1666 1308 1292 1433 1446 1230 1533 368 1606 242 548 344 5 1630 768 1069 287 785 848 473 1653 1548 1570 450 949 1706 700 1269 1767 228 977 1209 490 613 657 189 1817 1849 1888 1494 1738 1873 1393 1957 1108 599 1911 338 832 511 1034 1597 677 136 1155 715 419 734 540 115 1479 57 1174 1837 817 1760 1098 758 98 1259 638 177 937 1017 160 1419 1060 1360 280 1140 880 1380 1798 400
1041 1501 1302 1782 721 762 602 1923 903 1988 403 102 24 203 886 1663 1462 502 83 1587 862 1407 307 1543 366 433 1291 543 704 441 124 1490 1644 325 846 1025 974 693 1628 1883 1070 1731 1450 589 570 807 1347 1009 1576 488 955 1769 352 1828 1252 1434 1816 1152 530 1851 930 1752 54 1195 1970 1132 658 1692 1111 14 235 1959 1877 155 676 1272 797 1914 1713 1238 755 1538 1173 1213 390 1618 300 257 637 77 838 1000 1378 198 278 179 1400 479 1339 1100
1701 1262 1402 743 484 781 904 1842 1641 969 182 1361 1527 1430 1463 1289 1386 1162 105 1746 1993 1489 367 1592 1023 866 805 896 168 262 508 696 1567 1068 448 648 586 1732 1325 571 1810 1207 923 292 1147 148 1348 133 12 991 247 1192 1013 1514 1105 775 336 1789 1932 212 232 475 555 354 1135 712 1973 538 1458 1057 732 317 418 1896 1093 1239 679 74 1617 636 1919 858 1319 1839 97 1258 618 395 1678 1637 58 1698 1960 960 1558 839 439 1880 39 1780
961 81 101 981 1683 1943 363 1743 162 687 1925 1584 1542 1204 1288 1005 224 1224 1065 1642 1487 1311 1022 823 894 469 626 69 1846 1387 131 910 922 1085 1245 788 572 290 749 1886 350 597 869 653 670 333 529 1577 387 1151 150 728 1819 1516 1908 777 1372 1834 55 436 1740 273 1474 1971 556 1457 1056 459 1997 1878 956 417 215 1172 1197 1332 856 256 1677 319 16 1438 617 1115 1719 718 1636 499 1774 195 1357 1620 1138 819 1794 1278 1420 519 40 1540
1981 1301 1941 1061 1182 1522 882 362 902 1425 404 943 202 1804 968 603 1723 1287 1882 688 42 166 1223 186 864 1667 1544 1141 67 324 1689 1365 985 506 128 1865 1491 1164 551 1467 1388 472 827 1568 1654 1327 1128 789 451 595 1452 487 772 668 245 314 924 654 1511 295 1613 1595 13 1708 1632 1850 1271 1053 1413 270 435 813 1912 233 536 1033 579 28 156 633 1016 754 1756 1353 1113 95 391 1256 1838 1772 1979 737 719 1099 1940 360 860 1795 120 1220
1961 1802 62 1184 423 782 1582 1662 970 163 644 205 1429 1484 566 106 1409 892 408 1787 87 1930 525 547 1535 130 1314 1232 1629 697 948 45 311 509 1651 1470 1294 1569 329 593 1451 349 1208 1751 1251 1768 671 1870 1513 1052 454 1371 495 1832 388 1154 1956 872 1739 1071 932 251 1711 993 1133 1169 152 917 855 1695 276 1854 713 1035 731 1091 1616 753 1331 1555 30 837 298 780 616 1917 1114 18 1898 1277 192 478 378 1999 818 1399 1359 1020 640 240
1421 481 561 683 1681 222 883 1186 382 1003 1382 1322 1601 1724 1844 65 1304 907 843 431 973 309 1082 1786 803 1530 609 1229 1591 1946 1762 1448 664 370 1244 765 526 1649 286 647 1048 1143 825 1027 588 1369 1572 1885 474 8 952 1471 1825 1512 89 1966 1871 1818 456 928 709 1675 873 629 1910 337 1552 275 27 154 1995 413 796 56 994 1273 1300 1136 1714 514 137 559 116 357 1758 1215 1934 736 757 1076 194 1176 1118 1358 1640 220 1418 260 1499 180
1221 1721 1982 963 1201 1481 881 1741 1523 23 1283 622 465 563 223 1426 1383 1583 643 1783 183 64 2 1862 145 1806 844 1928 1163 947 504 865 1043 690 524 546 610 1024 310 243 442 1648 583 767 263 1465 1264 371 1367 1546 1126 786 1346 1905 708 51 1612 1103 1765 1575 1010 1146 988 1668 1824 1455 1329 913 1951 1848 811 1631 335 296 110 750 1194 434 1412 172 1694 675 730 833 933 415 1894 216 1253 1976 1096 1519 1717 358 138 1316 393 1078 500 100
962 1042 1984 684 1002 562 1424 1443 1841 1063 1525 425 1405 642 1286 1222 1687 1384 1305 164 1464 1945 889 1590 521 764 1122 1191 544 261 1643 1929 624 126 1566 326 908 1610 1763 6 409 587 49 70 1734 348 1328 373 1549 1811 1250 293 951 810 925 1671 188 1370 1831 1032 1153 791 1517 729 1889 1754 854 1874 1791 1089 458 1913 711 91 1974 157 512 1350 678 498 29 217 995 615 1716 1214 1276 320 1175 258 394 759 118 1638 1119 878 238 840 480 1500
681 421 661 1401 482 1942 1282 1524 744 1381 965 383 1924 1990 303 1686 607 1428 801 1589 146 1565 726 1310 323 125 824 625 1608 1627 909 445 550 1067 769 1866 1730 585 1049 471 1165 47 1234 569 652 1750 1248 1267 1453 989 953 1813 1012 850 1104 1830 353 1657 1674 531 1909 1087 1710 1852 72 272 1473 710 1134 252 899 375 1210 1038 1893 93 1975 174 299 1354 17 33 1557 1520 517 218 1773 193 1377 1497 420 939 119 1200 1796 879 1160 800 239 1340
1921 621 462 581 1461 361 161 1944 1722 686 1702 984 82 501 342 1785 1485 863 430 725 66 1745 745 1603 705 1623 241 1123 895 1313 1007 43 1026 766 646 1047 1650 1206 1144 1808 132 665 912 1906 575 1573 976 612 1295 1509 954 1869 491 849 334 1770 453 1235 1270 1968 297 931 190 1414 411 1551 1853 1693 535 831 1112 815 1676 277 1196 1436 1092 159 318 1395 114 1897 1074 1599 237 1460 1539 1336 1840 1356 1260 396 1998 1177 219 1379 20 38 799 560
1121 1423 1062 685 742 1285 1987 1 485 1004 1563 604 1188 63 971 1586 1343 1664 184 467 432 147 822 1363 703 282 1227 1263 88 1044 127 1625 549 444 1764 1084 1729 898 25 1705 806 591 1809 1655 1030 53 109 351 528 230 655 1550 1149 1952 673 1872 1537 1495 267 1753 853 1106 1415 874 1518 916 1835 214 1171 1477 376 1891 1459 316 779 416 798 1334 1858 959 516 340 998 1619 1255 1920 1935 1320 1216 1980 259 178 1699 398 1398 940 639 740 1797 580
1441 1001 682 1181 1561 841 1403 1321 1742 1986 1203 723 966 701 885 302 426 1685 466 1483 206 1725 802 185 343 522 1364 1529 1312 369 1947 108 627 1609 1466 1265 1125 1247 911 1867 289 594 52 1594 667 1506 1296 229 871 492 134 1392 1673 455 1633 1658 1709 792 266 250 553 1820 389 578 778 412 1090 1170 153 1553 339 173 1836 1236 836 1857 957 515 1156 996 756 1977 1918 96 1439 1355 1075 1937 660 619 935 1899 19 1059 36 1779 1120 80 1040 1800
1101 301 1521 463 1242 1964 1985 662 321 341 1562 402 1502 365 384 122 1903 1406 1843 605 944 428 1588 1306 84 1344 763 1927 702 1362 645 845 283 1486 746 1704 893 523 1605 623 226 1624 1645 868 507 1066 210 1807 584 244 46 1050 568 986 787 975 1884 699 828 1031 1766 1868 809 489 1297 1669 1454 9 1826 727 1150 1736 1954 1193 111 1086 915 1394 1691 1015 557 158 460 1556 1437 31 1274 1240 1759 176 1480 76 934 1793 1337 197 279 1139 1219 1180
1983 741 22 761 1482 1541 1684 1187 1744 1861 641 142 427 386 606 503 821 1385 209 165 972 406 107 1309 1228 1532 706 691 1447 867 1411 1593 1046 897 446 44 346 1266 1652 1028 288 1368 573 1571 330 227 596 313 950 1298 71 1812 10 1129 1330 135 992 1737 1615 1515 1833 249 1635 1472 1107 1890 271 1014 496 795 1958 1972 537 1792 92 634 1855 1351 558 919 191 1715 476 1097 1916 1254 735 859 1938 1159 1077 680 938 1680 1778 380 1178 1218 820 1440
1781 401 221 722 1661 964 1404 181 1341 207 306 41 582 1622 946 1290 1432 689 468 747 505 4 1726 1607 1646 1045 1205 611 1931 1536 1747 449 651 372 1166 1127 628 291 577 1011 773 1507 332 990 1391 1456 1827 1814 149 494 248 1493 1953 851 812 929 552 794 170 532 269 1969 1088 1110 674 1073 1876 1373 834 1578 1996 900 1478 1039 1237 113 1198 438 1335 1915 1859 717 359 1600 1318 1157 1257 876 35 1697 1720 1776 1900 79 99 140 1279 399 1559 920
1261 1901 1442 1281 901 663 941 884 201 1323 1805 143 1602 1665 565 783 104 167 1965 1688 1488 284 545 1410 1124 1534 1006 129 1231 1727 470 264 328 698 650 1469 1145 1749 1547 50 1249 486 771 1390 1508 598 870 978 1950 1829 1168 1887 927 26 457 1634 410 374 1790 830 1109 315 534 1072 234 1054 1994 1435 816 1596 1374 254 1349 752 1037 1659 15 355 635 1095 94 1879 1771 857 1317 1718 1579 1199 1936 999 620 720 397 78 518 1217 739 1860 440 200
1801 1241 1821 422 483 601 1021 1185 1621 364 942 121 983 1503 1989 967 1064 204 103 1761 305 144 1303 906 1431 541 890 1161 1445 1083 1531 1863 1142 921 285 692 443 1545 327 1366 1611 1233 1728 826 590 1949 574 1268 1574 1707 1051 808 669 1907 246 774 1299 187 11 1130 1672 231 1656 1967 1788 169 793 852 510 751 533 630 274 1476 90 414 659 73 1856 1895 1352 1598 716 1212 356 1757 1933 1417 392 477 1116 34 1397 877 1018 738 1498 1338 1700 60
1422 1881 861 464 1284 381 1081 424 1581 1822 1342 1526 724 842 1926 1190 281 887 945 542 1564 3 322 1225 407 123 784 85 567 1845 1864 68 1626 1904 1948 694 1449 447 748 649 347 1246 1748 1389 987 1315 1735 312 265 1510 1670 211 493 1815 672 1614 914 1690 776 1496 171 1416 151 814 1475 1055 1712 600 253 1554 835 632 539 1036 377 236 714 1211 513 1333 614 979 32 1376 1978 1660 117 1158 1117 1137 936 1775 59 2000 1019 1079 199 1179 1280 1799
461 1962 1202 1902 1183 141 1803 1102 1243 1703 385 405 1585 1427 1784 608 1991 1307 1408 1345 308 891 1528 1444 1226 225 1823 86 1604 707 804 1505 847 1647 1008 695 1847 1293 345 527 7 1468 1733 48 1326 770 592 1029 576 666 294 1167 331 790 1148 656 1492 452 926 1955 829 268 112 1131 213 554 1875 437 875 1696 631 918 1892 497 1755 733 1375 255 1094 958 997 1275 75 175 1058 1396 1939 196 1639 1679 1580 379 760 1777 37 139 980 1080 520 1560

