100 20 2000
20 4 1 11 32 17 15 20 15 8 72 2 41 13 49 3 17 16 12 6 39 1 66 18 64 10 10 14 24 15 60 19 76 7 72 9 47 12 99 5 92
20 3 28 19 62 10 64 17 95 15 94 1 86 4 87 7 11 6 46 5 64 16 86 13 76 9 11 2 32 11 44 18 31 12 77 20 99 8 16 14 97
20 8 78 3 28 12 2 15 3 1 88 13 69 14 34 4 99 9 33 2 70 19 18 17 22 6 41 18 20 16 21 10 44 5 66 11 18 20 73 7 80
20 2 20 19 22 13 76 7 43 9 60 6 91 20 88 12 26 10 12 4 8 3 65 14 39 18 49 5 83 11 30 1 78 16 21 15 96 8 6 17 56
20 7 56 13 52 9 73 11 20 12 76 20 73 3 21 4 21 5 40 19 69 17 19 6 93 1 92 16 74 14 88 18 74 8 95 10 43 2 50 15 77
20 5 79 8 57 18 70 6 34 17 28 16 28 13 84 12 40 1 6 7 53 20 42 3 99 4 7 19 18 2 23 10 12 15 87 11 86 14 13 9 66
20 4 67 17 2 20 69 7 87 11 56 18 22 5 24 16 67 2 60 1 7 10 2 9 71 3 63 13 63 6 99 19 79 8 84 15 7 12 97 14 84
20 13 19 20 98 6 65 5 56 9 21 16 81 10 91 3 52 17 86 11 64 2 2 14 6 8 81 12 81 18 5 15 84 19 88 4 70 7 76 1 72
20 4 73 5 73 14 24 9 26 20 22 19 53 15 94 6 81 13 25 16 57 11 47 2 86 10 79 7 92 12 45 1 17 18 3 17 12 8 60 3 60
20 14 66 19 71 20 69 18 77 17 95 10 30 7 45 15 46 9 35 1 33 13 95 2 20 12 30 11 50 16 92 4 97 5 99 3 2 6 2 8 24
20 20 91 5 85 18 16 4 91 16 40 19 59 12 64 1 30 11 62 8 94 7 67 15 75 13 22 6 46 9 97 17 40 3 9 14 38 10 7 2 94
20 3 99 11 82 14 94 9 20 12 41 13 85 10 21 5 80 17 53 7 50 16 73 2 37 15 89 20 60 1 30 6 5 4 10 8 12 18 40 19 29
20 8 34 18 27 12 75 5 74 3 82 13 9 16 75 10 87 19 81 17 12 9 12 15 26 11 18 6 89 20 84 1 87 7 14 2 93 14 20 4 81
20 12 93 2 48 7 61 3 57 8 89 18 62 11 51 6 89 17 43 5 9 14 73 20 24 4 17 9 73 1 12 16 76 19 72 13 11 15 34 10 75
20 19 7 8 62 12 2 4 28 10 73 2 57 13 51 5 75 14 86 6 25 15 98 18 63 9 41 3 64 16 24 7 62 1 40 17 21 11 34 20 44
20 5 71 2 44 7 66 19 93 1 61 14 66 4 42 8 51 16 32 6 52 9 31 12 30 13 63 11 29 3 90 20 75 18 94 10 9 17 40 15 22
20 12 14 5 46 11 10 6 52 15 7 9 1 7 13 1 77 10 37 3 63 16 37 20 59 14 33 4 30 2 78 18 38 8 77 19 12 17 46 13 33
20 18 72 4 71 2 84 16 10 14 95 7 24 13 18 20 56 8 3 17 49 12 77 11 19 1 70 5 24 3 50 19 19 6 60 15 45 9 77 10 6
20 15 11 16 20 13 12 20 61 18 99 19 29 11 38 2 76 7 48 14 56 4 98 10 80 5 52 1 30 12 23 17 59 8 66 3 4 9 43 6 26
20 6 80 3 71 5 50 11 69 20 27 1 54 4 4 19 60 2 93 8 1 17 76 13 11 12 88 15 87 10 42 16 73 18 87 14 40 9 15 7 72
20 19 79 2 4 15 8 12 65 20 72 17 70 10 69 18 99 4 1 16 73 1 57 14 52 11 80 8 85 13 58 6 8 7 31 5 91 3 89 9 60
20 11 88 3 39 20 70 7 65 1 78 16 9 19 65 6 54 14 96 15 14 13 46 18 51 8 64 12 55 2 56 17 6 5 2 10 15 9 53 4 20
20 5 57 15 39 18 78 17 71 16 91 4 57 6 73 8 36 12 81 20 92 19 59 10 8 14 24 13 48 3 88 1 69 7 49 9 55 11 7 2 82
20 13 31 9 56 4 97 15 98 19 18 20 55 16 69 7 33 12 73 14 4 17 44 1 97 2 76 11 21 6 39 3 73 18 85 8 30 10 65 5 15
20 9 2 17 76 18 94 13 62 2 28 15 91 3 37 7 62 8 49 4 34 11 71 19 65 14 56 1 78 6 10 20 52 16 43 12 92 10 34 5 58
20 9 28 14 79 10 40 1 44 11 33 20 2 5 85 19 53 18 19 8 71 3 16 16 8 13 38 12 52 4 98 2 30 6 15 15 5 7 16 17 88
20 3 89 2 36 20 2 16 42 9 74 12 89 6 69 17 13 8 14 13 83 1 46 19 78 18 69 14 48 11 64 10 64 15 2 4 34 7 38 5 40
20 14 30 5 92 19 48 12 93 13 74 16 71 4 85 15 25 6 98 9 71 11 1 10 83 1 8 17 73 7 44 2 26 18 38 20 68 3 9 8 63
20 20 45 17 77 18 11 19 49 13 54 4 93 7 42 9 43 16 57 10 17 8 61 5 9 2 65 14 32 6 28 3 53 12 63 15 17 1 66 11 66
20 8 57 6 4 14 30 13 33 10 99 20 4 2 51 1 42 15 76 11 44 18 16 9 90 7 89 16 91 3 61 4 81 12 86 17 92 5 7 19 7
20 19 33 2 58 9 22 6 22 14 63 13 7 8 22 12 78 20 84 5 95 11 83 3 7 17 66 4 35 15 9 1 29 7 43 18 88 10 95 16 7
20 9 88 13 52 18 18 8 46 12 8 15 5 11 76 2 20 6 19 19 71 1 30 10 22 16 57 14 53 4 91 7 68 20 8 17 47 3 81 5 33
20 16 48 14 53 15 34 3 61 11 23 10 11 13 5 20 81 1 30 6 25 9 13 18 68 2 9 17 38 19 6 4 99 12 18 5 19 8 53 7 81
20 19 50 8 3 6 61 16 88 13 98 7 56 5 92 1 87 14 34 12 29 18 89 10 80 9 96 17 26 4 41 11 97 20 66 2 49 3 19 15 33
20 20 59 5 66 8 26 18 8 15 41 4 63 13 69 9 64 7 58 19 2 10 92 11 26 3 13 12 40 2 88 17 34 1 8 14 45 6 94 16 72
20 12 46 5 95 8 36 3 26 16 79 4 76 1 37 9 73 13 41 11 94 6 82 17 36 20 48 7 96 14 73 19 79 18 30 2 15 15 87 10 34
20 18 30 6 17 12 94 11 82 4 44 19 78 7 97 1 99 16 82 14 87 17 56 15 87 20 42 10 52 13 87 8 15 5 1 9 2 3 90 2 71
20 5 40 9 13 19 6 14 43 4 46 8 84 16 66 7 14 1 66 17 16 20 94 13 63 10 16 12 36 18 40 11 49 6 53 3 34 2 60 15 8
20 4 1 9 40 7 59 12 83 13 69 16 76 5 38 18 46 14 65 1 65 17 61 2 73 11 2 15 63 20 20 8 74 19 45 10 40 6 76 3 70
20 11 37 9 4 13 33 4 80 2 41 8 74 16 67 14 27 17 83 19 2 3 52 12 53 18 59 1 27 7 15 5 44 15 45 20 17 6 55 10 59
20 1 10 18 9 19 19 8 60 11 88 3 88 2 29 17 60 14 48 7 85 6 89 12 47 15 98 9 16 5 9 20 98 4 52 10 95 16 49 13 96
20 4 77 3 96 5 70 12 19 17 40 9 97 13 12 10 63 16 82 14 7 15 76 20 93 6 86 8 82 7 46 2 19 18 47 11 90 1 45 19 11
20 7 67 9 42 8 17 6 55 11 59 18 50 13 58 2 89 10 90 15 49 14 86 17 20 16 41 20 19 5 53 12 94 4 87 1 63 19 53 3 21
20 3 20 13 70 17 20 12 71 1 39 15 35 5 19 19 90 9 60 8 24 6 77 14 59 11 55 4 17 10 35 7 77 20 93 2 33 18 60 16 16
20 18 53 19 46 7 12 8 21 1 20 4 22 16 27 9 38 2 43 11 66 10 38 12 98 15 55 3 41 6 99 20 17 17 91 13 73 5 24 14 59
20 13 5 10 82 9 32 18 28 3 43 6 50 15 85 14 58 11 13 20 50 19 20 2 51 4 17 5 54 12 16 1 20 7 98 16 45 17 87 8 56
20 7 74 3 8 14 20 8 63 17 93 10 22 5 87 12 66 13 9 15 4 16 7 9 30 20 92 11 36 19 68 18 78 6 6 2 48 1 85 4 26
20 1 44 11 4 13 16 14 72 7 70 4 52 16 85 5 79 17 79 15 76 10 64 12 71 3 83 19 37 2 84 6 11 8 22 9 28 18 2 20 57
20 4 86 18 45 16 13 14 3 20 24 8 47 13 30 12 19 7 17 19 25 9 92 5 75 1 96 6 24 17 16 10 74 15 67 2 70 3 42 11 90
20 17 47 19 6 11 19 6 38 5 12 9 93 16 55 15 63 4 41 20 14 1 3 7 11 10 76 18 32 13 83 8 33 3 2 12 76 2 73 14 27
20 11 58 8 2 14 77 9 72 7 98 6 60 17 38 3 44 19 67 10 1 4 57 1 48 2 37 16 89 13 81 12 79 20 81 18 33 5 22 15 33
20 2 26 11 15 8 17 5 9 20 91 4 40 6 18 10 6 14 49 7 90 16 11 12 68 18 26 15 67 3 14 19 94 17 85 1 96 9 11 13 97
20 15 15 9 3 6 51 17 15 1 69 20 12 10 23 16 33 19 66 11 24 5 44 2 78 18 48 4 50 12 89 8 6 13 58 3 20 7 5 14 69
20 16 62 3 52 9 19 19 92 14 40 1 1 7 97 10 56 18 74 5 46 4 33 13 33 11 28 20 84 15 51 17 25 12 59 6 90 2 38 8 59
20 1 64 13 37 16 2 2 9 11 6 4 34 5 1 8 42 10 92 7 61 20 48 15 61 18 62 14 11 3 78 19 29 6 40 9 15 17 61 12 39
20 10 81 14 9 16 4 7 67 18 35 11 89 9 7 17 1 2 55 3 3 5 11 1 35 20 66 4 19 6 28 8 69 12 22 15 3 13 42 19 56
20 5 91 2 26 3 5 6 98 19 10 1 72 8 78 9 81 15 11 17 51 14 63 7 80 12 29 13 63 4 66 10 80 16 3 18 68 11 50 20 16
20 5 95 14 43 18 70 6 12 11 73 4 10 3 88 7 85 15 43 1 57 17 70 13 15 10 13 9 54 16 96 20 99 8 18 12 64 2 85 19 53
20 5 48 2 16 4 56 16 9 7 66 19 83 10 26 8 40 20 28 6 73 11 79 15 47 3 82 17 59 14 64 1 37 9 79 12 27 18 6 13 99
20 14 99 1 33 20 85 3 27 6 93 4 3 7 56 17 11 13 81 12 42 18 10 11 73 10 27 16 59 9 18 8 1 15 62 19 55 2 59 5 60
20 1 6 6 67 15 42 12 39 2 14 5 39 13 49 11 12 16 91 20 67 9 91 17 69 3 38 4 13 19 40 18 39 14 4 10 55 7 2 8 85
20 9 83 12 15 7 18 13 9 19 87 5 66 17 24 14 2 1 90 2 54 20 28 18 87 4 50 6 76 3 59 8 28 10 53 11 79 16 9 15 31
20 7 71 3 92 1 38 5 6 15 86 2 17 19 22 4 88 10 80 6 4 12 13 14 82 13 44 20 71 8 7 17 36 16 43 9 10 11 65 18 21
20 2 49 14 50 20 60 3 63 19 51 6 62 8 4 4 86 9 27 13 32 16 32 7 66 5 4 15 4 17 23 10 99 12 99 1 78 11 2 18 38
20 3 47 1 76 2 7 13 62 8 32 4 64 9 28 17 45 15 65 12 91 20 36 10 44 5 80 6 5 7 7 11 20 16 54 18 87 19 85 14 5
20 1 2 16 78 4 78 12 39 18 94 10 94 17 83 11 46 13 97 5 19 8 64 9 96 19 22 2 47 15 32 3 71 14 93 6 92 20 13 7 9
20 11 51 14 48 7 60 15 99 3 53 18 35 16 19 6 78 19 65 9 72 10 72 4 60 5 92 17 15 12 61 8 29 2 99 20 74 13 53 1 11
20 15 41 11 54 18 17 13 91 6 48 5 80 8 95 12 84 14 13 9 91 1 44 3 81 17 74 16 44 19 32 10 9 20 4 4 13 7 60 2 83
20 18 13 7 4 13 23 1 84 17 41 6 73 10 77 5 23 8 16 14 56 12 19 16 63 19 72 9 35 2 62 3 45 4 50 11 89 20 38 15 76
20 10 17 1 98 7 22 15 86 3 32 4 92 13 2 8 27 6 52 17 41 20 11 2 46 11 97 9 45 19 92 12 55 14 58 18 95 5 58 16 20
20 20 52 16 90 13 37 18 63 19 25 15 2 14 50 5 53 2 67 1 21 7 86 3 90 10 31 9 59 12 45 8 5 17 75 4 93 6 28 11 8
20 12 17 14 90 11 80 10 90 3 72 9 31 6 6 5 85 7 30 19 60 18 69 15 91 8 27 13 29 17 21 20 36 4 13 16 74 1 60 2 11
20 9 74 1 80 13 93 11 91 10 60 14 8 2 96 4 61 5 73 18 27 20 62 19 78 16 45 12 77 7 62 6 83 15 25 8 71 3 11 17 58
20 20 98 9 32 6 97 19 26 3 16 15 65 4 16 16 97 13 5 5 4 17 95 1 10 12 88 14 35 8 77 2 36 10 44 7 76 11 75 18 14
20 12 4 17 47 8 71 15 32 16 20 20 54 2 87 14 59 3 5 18 10 10 43 4 13 7 24 5 8 11 27 1 33 6 56 9 13 19 33 13 35
20 12 17 4 19 15 71 1 91 18 23 5 25 16 45 14 69 3 86 9 91 19 95 2 36 13 9 20 25 6 48 11 99 17 87 10 52 7 19 8 67
20 14 72 5 18 19 91 12 69 16 13 1 43 17 80 4 63 20 41 18 82 2 20 9 31 15 83 6 55 13 89 7 5 10 68 3 38 11 81 8 41
20 8 53 14 63 5 35 20 69 1 31 9 39 16 21 6 97 2 31 19 11 17 76 4 29 12 88 10 68 13 96 11 79 18 37 15 9 3 80 7 88
20 9 99 12 8 8 84 19 70 5 45 1 91 7 10 10 97 6 94 14 73 18 33 11 20 16 78 13 43 17 34 3 92 15 39 20 36 4 49 2 73
20 16 19 4 16 9 69 12 96 18 43 17 8 10 70 15 9 7 18 11 41 2 89 5 40 19 88 13 89 14 67 1 58 8 39 20 44 3 33 6 17
20 6 35 8 76 12 19 19 57 11 82 2 99 17 11 14 39 5 31 10 25 7 65 15 2 9 77 20 70 1 68 13 25 3 74 4 46 16 31 18 31
20 12 45 10 61 7 54 9 72 19 35 8 68 2 89 5 19 18 69 11 10 4 74 16 56 13 64 20 11 17 12 3 42 14 92 6 82 15 60 1 19
20 11 23 4 73 5 26 16 4 17 25 2 6 3 33 15 29 8 11 12 82 20 29 14 53 1 83 13 61 7 26 18 79 19 97 9 93 6 32 10 61
20 18 69 6 86 12 43 3 11 14 25 1 76 8 57 13 34 7 64 10 33 5 68 9 90 15 63 17 38 2 44 19 52 20 9 16 53 11 7 4 77
20 5 54 6 62 1 42 19 63 10 87 17 98 20 94 4 70 2 26 3 14 18 4 7 85 9 44 14 71 11 21 12 37 13 30 15 46 8 2 16 76
20 11 13 14 7 6 19 1 4 8 39 17 57 5 52 20 98 10 27 3 54 12 77 18 82 15 66 16 96 19 43 4 78 9 3 2 12 7 61 13 67
20 1 51 5 49 7 76 4 30 16 21 6 98 3 22 11 64 12 45 15 14 14 1 18 79 17 69 9 14 10 71 19 77 20 74 2 65 8 57 13 63
20 16 16 13 9 20 30 14 62 12 23 19 47 5 31 17 22 6 55 18 99 3 50 9 42 8 18 15 49 1 72 10 56 11 54 7 95 2 69 4 93
20 7 34 6 90 16 86 3 45 10 5 5 99 2 79 20 95 18 95 11 82 1 95 12 43 13 34 15 95 8 52 9 46 17 66 4 13 19 43 14 47
20 19 72 8 3 5 75 18 32 17 51 10 57 9 62 4 51 13 2 15 98 7 63 20 60 3 93 16 56 11 53 1 90 2 93 6 47 14 78 12 31
20 11 13 10 87 6 26 2 73 15 37 20 65 1 34 19 77 4 46 8 33 17 78 7 51 5 5 3 73 13 41 14 71 16 74 9 44 12 48 18 52
20 18 20 16 40 17 28 5 58 14 32 2 73 10 76 11 84 12 31 20 38 1 92 6 13 15 42 9 76 13 54 8 4 3 76 4 7 19 40 7 28
20 20 37 12 79 14 70 7 49 5 40 19 25 2 51 13 66 18 27 10 94 4 37 15 35 1 28 9 85 11 84 8 37 6 47 17 53 16 82 3 86
20 8 88 9 97 2 99 16 81 15 48 6 3 4 67 12 62 3 41 20 53 5 68 7 70 19 48 13 98 17 36 18 29 10 38 11 1 14 13 1 83
20 6 26 8 82 5 58 17 13 3 92 20 35 19 55 11 88 1 32 2 75 12 85 9 98 18 11 14 39 15 74 13 61 10 57 4 59 7 63 16 53
20 10 70 6 28 19 97 17 81 8 54 16 60 9 71 1 15 4 87 7 25 13 94 2 39 11 20 15 74 14 49 20 82 18 47 5 62 12 5 3 24
20 16 6 9 8 10 52 18 41 2 33 15 52 4 28 13 61 6 86 17 88 7 66 12 13 11 64 5 94 14 10 19 9 8 79 3 56 1 12 20 74
20 13 70 1 99 11 99 12 25 3 7 10 43 8 88 6 75 17 74 14 44 7 44 16 80 4 41 9 74 15 57 20 84 19 19 2 27 18 25 5 78
20 15 64 16 88 9 45 17 54 6 46 12 53 13 7 1 96 10 37 4 92 19 11 18 38 14 69 7 93 5 90 20 28 2 49 11 78 8 96 3 45
20 8 43 19 86 1 15 15 1 13 51 18 7 9 95 11 80 17 97 5 3 20 74 14 97 3 70 16 89 7 64 4 97 2 40 10 32 12 52 6 64

insa:
6108
801 1301 1721 1704 1081 1382 1201 885 1045 1182 1683 1983 1282 1442 328 1666 45 1526 1504 588 1807 865 1410 941 1942 190 11 504 1364 1908 1653 1229 208 1889 1243 707 425 749 1566 109 26 1066 305 386 1545 668 1968 411 631 1012 728 1150 1126 353 973 1112 991 130 1472 794 579 472 456 1853 649 1351 616 916 93 1755 1771 531 770 1615 1831 235 697 275 1496 1038 1796 494 176 374 256 76 553 1176 1596 297 1278 1340 1939 939 858 839 1880 1439 160 1640
61 1261 602 1162 1021 1084 343 889 1283 302 1122 1646 807 1826 1205 1804 587 6 1409 485 785 402 1925 1863 1052 262 848 522 1627 1767 1447 1531 1847 1890 368 628 50 1675 286 335 573 912 1013 1230 1549 1606 1392 1246 115 1109 129 389 1591 232 1512 192 1912 1375 1689 172 1487 1337 653 34 1738 473 978 938 151 695 1718 878 516 955 1314 1977 772 718 435 460 836 1759 1360 99 1476 1199 1797 556 678 1159 1958 759 1997 258 1079 999 220 1440 740 1580
861 21 1281 221 42 822 1264 1062 1123 1664 644 806 1885 905 1325 1385 1647 922 1184 1764 8 245 487 422 521 1425 704 1147 1945 1242 264 1465 1509 1869 382 1008 87 1727 330 1710 71 1751 791 1095 148 576 1412 1793 112 1110 355 1035 1213 612 455 1993 693 595 511 133 1376 1636 1235 1489 1352 294 953 1690 639 979 1173 997 476 1617 1459 1316 315 1538 1938 1814 1058 894 419 180 217 758 1837 679 1559 1576 1599 739 378 198 780 1860 559 860 1920 1980
761 121 1582 1 1502 1163 821 342 886 161 1086 725 1642 961 1303 463 745 1286 784 284 446 1528 1186 204 1724 1927 566 1026 1146 1268 1867 706 1386 490 1788 1448 88 70 48 409 1909 1631 27 334 1054 686 946 1011 307 387 1467 1680 547 913 1970 113 989 635 1332 1214 1114 1851 1809 1233 1552 1688 1071 614 874 1377 1248 596 371 1492 656 273 1716 515 237 675 817 1358 1618 1953 1135 1418 1898 158 857 1996 1838 196 1437 538 1778 440 940 1579 260 1760
741 1161 322 1681 1722 441 985 301 101 1824 1024 1121 1087 1522 1643 1883 1408 823 162 1206 1226 127 202 1506 1051 244 1141 702 867 1671 542 1783 1766 1747 1707 1628 1244 1543 1845 1565 144 682 1990 1368 383 89 667 1871 228 1428 572 1449 1346 30 972 57 288 1273 610 1470 507 1609 1310 1111 354 948 927 796 1592 1333 1070 914 74 1293 270 767 1934 1975 815 1494 658 855 418 437 373 1813 640 1399 1200 480 737 20 197 540 500 599 1019 1918 899 1960
1881 1703 1601 381 722 604 1902 984 1043 324 1682 1762 582 1662 663 1202 1803 1266 1124 844 66 143 1328 1965 1185 104 10 906 447 1144 1463 1027 1866 1006 811 1366 1749 1726 1345 1948 629 268 1427 53 29 168 428 1097 575 1170 1548 310 1389 527 711 290 1929 1115 871 974 1534 92 357 650 1234 1294 1515 1250 254 1456 937 214 799 833 236 475 1832 1569 416 956 1857 549 1497 495 517 1638 1419 135 757 895 1798 779 1078 1659 699 199 1600 380 1318 2000
1761 81 1241 883 763 1383 1223 1362 1623 327 64 921 1323 1723 124 841 1165 187 1669 303 1104 1090 810 1187 969 346 1005 567 263 468 666 1844 488 424 748 727 945 1030 1567 1655 1411 369 1791 28 1067 230 593 1148 1910 110 1272 1589 1429 1872 17 689 992 1611 795 60 1455 636 457 211 1974 1536 617 1219 1295 1931 714 1493 876 917 1132 1692 1951 174 1758 417 1359 835 1812 1719 296 1059 1899 1995 660 555 1519 519 257 1478 1840 539 159 400 1560 1320
241 1981 41 804 884 1705 1882 581 1023 1002 1782 662 607 102 1861 1483 1285 5 843 1667 1088 282 1602 1649 1267 1905 1563 966 624 1626 746 703 349 786 1541 448 489 924 265 1947 1369 683 1388 1168 571 308 1753 1347 337 1127 870 414 210 1311 1116 510 390 1056 529 1336 1220 433 1236 1810 1739 1416 1433 153 996 238 1458 1856 834 957 1937 1157 97 1255 1196 776 1475 179 659 920 1836 478 1597 1520 39 1775 736 137 79 377 1540 1699 200 1080 1979 560
1441 762 603 1042 1583 1221 481 462 326 83 888 782 501 903 1922 742 1063 65 1963 842 1624 164 621 1561 1862 1004 189 1287 224 1462 1907 1987 1269 826 971 1787 568 592 145 708 1672 49 1532 1426 525 1510 251 1546 1211 986 1098 1752 1892 1107 1734 311 1330 869 688 1374 1350 132 1128 932 293 1154 1854 1613 651 1414 33 1394 458 359 814 274 1717 1312 673 958 1195 1693 1498 550 1834 1954 18 215 1258 1039 1177 1658 1776 738 439 379 1818 399 420 120
1901 1381 1622 1101 902 1802 1047 23 646 585 891 329 186 1827 1685 1089 1923 1670 1445 1424 503 1765 1306 248 1028 1946 1786 285 407 828 1367 13 69 1709 570 227 1010 926 1167 849 147 1587 56 1068 632 1568 1969 1850 1735 452 1276 1610 1331 131 993 691 1193 1413 1153 976 1292 1218 875 951 1249 1491 173 1756 672 360 116 1554 1237 800 1537 1356 372 1897 438 753 98 734 552 1518 818 778 395 1477 479 1136 536 1998 1877 219 499 1660 318 619 720 280
1701 1321 983 1801 1641 1001 323 1022 805 724 84 1085 781 2 890 645 1423 125 222 1050 1208 421 1444 942 845 367 590 1342 1145 1943 1888 1988 209 491 627 1728 384 1630 267 505 1308 1605 1828 909 253 352 1679 1106 710 171 1192 58 413 1590 1171 314 611 692 580 1770 873 1393 934 1073 1296 1378 35 1933 1516 150 474 1757 1795 1855 1495 459 75 1978 773 980 1556 551 118 1572 676 1913 756 194 1279 1695 535 299 838 1259 1539 1878 1238 1479 1420 1139
1481 321 1501 1421 1621 701 723 864 1222 43 243 764 85 1663 608 1524 1204 1304 283 1650 1562 1603 824 1745 404 968 1966 261 1842 225 1944 207 469 1868 625 68 108 812 544 1584 1371 1729 449 351 1711 1891 670 1829 792 1055 1190 526 1032 312 577 1348 1454 1290 928 1117 694 1473 1335 915 892 514 952 1932 1251 1415 434 1016 1553 657 37 1133 393 998 154 1396 1772 193 175 1277 375 754 1158 856 1077 597 19 1696 498 1178 139 1999 1819 1919 1100 1800
461 862 901 363 82 63 1403 1742 1224 1082 606 141 1363 783 1985 584 1284 1941 1443 647 1668 1207 565 484 7 622 246 943 967 847 347 1928 665 765 46 226 827 107 1344 1789 1270 1654 545 709 1848 1387 1967 287 169 687 1189 1309 1469 313 1911 454 1633 431 191 929 1513 1152 1015 513 1535 1072 32 530 134 1874 392 213 1594 1434 995 1616 415 1555 1134 1896 1253 1740 1773 752 1057 1500 1119 1339 1815 1835 1720 1574 340 735 278 1697 1040 1180 898 820
1702 181 1322 1262 642 541 1181 1102 605 583 1521 1665 1407 1422 1825 964 744 1003 163 1744 223 502 809 345 1142 1228 1652 944 1508 1029 1843 1542 1446 923 47 470 14 1094 1065 788 1370 908 333 306 1731 72 370 669 830 574 412 1894 634 289 1608 453 1992 1349 429 1973 872 851 1217 1474 1131 730 1488 493 271 769 715 152 1950 95 1935 698 1252 1637 534 1397 1570 1175 1595 119 1060 1694 218 1915 1816 1317 1300 40 398 1879 1799 259 1780 1000 140 900
361 1041 643 442 44 325 1341 1961 1503 1984 1384 1406 1324 1203 1805 1648 464 188 589 486 403 1926 866 1289 1092 1865 25 1466 626 907 167 1790 15 1673 685 1730 252 1484 850 831 1588 1533 1754 1149 1713 1274 1245 988 578 548 1034 291 430 1612 1895 1129 930 1852 233 797 1172 615 950 977 358 813 212 1432 1457 732 117 1380 394 1315 1118 1833 774 156 1197 1075 893 518 1955 1914 1774 1558 100 680 78 537 1577 138 760 279 1698 719 1240 1639 1020 320
1581 641 362 1822 1302 1402 1741 1061 1083 887 1103 1921 1164 344 1048 1962 1644 963 664 1525 1763 1327 128 445 9 1507 247 205 1906 467 1864 1725 106 705 524 747 787 1209 426 569 146 331 1271 829 1372 1632 546 55 1678 410 1031 1547 170 987 309 633 1453 1468 947 231 1014 594 1485 729 931 31 512 1994 1714 766 1297 1794 295 94 853 1155 1354 1952 276 1194 918 1619 1257 497 1573 1900 819 195 396 77 1400 1817 1137 1859 1438 1239 880 1700 700 620
981 863 122 1044 1823 1482 482 562 444 24 1884 3 1645 185 1904 1527 808 1964 1227 1288 825 1706 105 350 1365 1785 1007 406 1748 1686 1989 1307 925 789 1674 52 250 1586 229 1188 750 91 269 471 1099 1733 1108 1275 1390 1607 339 1471 712 1212 1151 1551 949 1130 975 613 1334 1635 528 852 1930 638 149 654 391 731 1949 1353 771 1435 696 674 1037 1417 1858 1811 436 1174 1256 178 1517 919 376 554 216 1076 298 1575 1875 520 897 1777 80 598 1460 319
802 881 721 1821 341 242 1361 443 1661 1404 904 563 1986 184 962 103 483 126 1326 1505 365 1305 1924 203 623 846 1143 591 1343 1105 1053 1784 12 1530 1093 1629 266 408 684 1585 1750 1849 1769 54 1450 1732 1712 336 73 1893 1191 1656 671 1033 1232 1069 793 1972 509 292 994 1216 432 1431 652 1490 936 768 36 618 1691 1298 96 533 717 959 155 239 1620 177 837 1571 755 1398 477 1557 879 1280 557 1876 397 1959 1917 317 1179 1138 1018 1480 1260 1820
601 803 982 62 661 1781 882 22 182 1982 1225 1903 1405 1265 1523 743 281 1684 564 1125 1049 166 1887 366 465 401 1625 1604 726 970 1329 1564 543 206 1746 1464 868 1064 1846 304 1009 249 427 1166 790 51 90 1676 1373 1096 630 911 1452 16 388 338 451 114 1971 1550 1808 1247 1511 690 508 356 1036 1215 1593 1736 1430 492 935 1873 655 1715 954 716 1313 1395 532 1355 1936 1657 277 1499 1198 157 777 136 1957 240 1299 1839 1779 1160 1120 859 600 840
561 1401 681 201 364 1263 1743 1841 1046 123 183 1025 4 1183 965 586 142 1886 165 1806 1461 1651 466 648 1091 609 1529 348 423 405 523 67 1708 86 1870 1768 1210 332 385 1544 1687 1169 1677 1991 1792 1451 910 506 450 111 1231 751 1391 832 59 990 1113 1634 1830 1291 713 1486 1514 637 234 933 798 1737 1074 1379 1614 272 1338 854 877 255 1976 733 816 1357 1156 960 1254 775 316 496 677 1436 38 1956 896 1916 1598 300 1578 1017 558 1319 1940 1140

