15 15 225
15 4 72 8 51 7 42 15 31 10 61 9 46 6 88 5 33 11 27 2 85 1 70 13 56 12 70 3 50 14 25
15 2 19 12 79 1 79 6 47 9 40 14 67 4 43 11 65 10 84 3 61 13 30 7 56 5 19 8 91 15 68
15 8 94 4 7 9 2 12 95 1 60 5 82 10 76 14 36 2 8 11 85 7 7 6 44 15 2 13 72 3 91
15 7 58 12 67 6 84 14 34 4 19 3 19 2 94 5 41 10 98 13 96 9 25 1 40 15 74 8 88 11 74
15 2 45 12 60 7 8 6 29 9 32 8 42 13 25 10 4 3 71 15 79 14 93 4 28 1 30 5 17 11 43
15 12 84 3 56 13 46 2 93 15 66 1 84 7 40 10 4 4 15 14 15 8 54 11 39 5 77 6 55 9 31
15 15 65 8 91 12 17 1 47 13 77 9 68 10 62 11 22 4 72 14 47 5 38 2 7 3 11 7 22 6 63
15 8 12 5 21 14 60 6 42 15 22 12 84 3 60 13 52 7 25 2 53 1 53 11 56 10 29 4 83 9 32
15 8 48 5 28 15 70 11 26 4 68 1 4 14 19 9 92 2 24 3 54 7 57 13 47 12 84 10 85 6 95
15 3 36 13 34 11 65 4 64 7 30 6 41 15 53 10 74 14 44 5 13 1 41 12 6 8 32 9 94 2 37
15 12 62 10 9 4 89 8 37 7 28 5 23 1 13 3 60 6 46 2 94 11 85 9 72 14 18 13 79 15 11
15 1 74 5 61 2 43 10 26 3 97 12 62 14 40 11 60 8 62 7 78 9 42 13 8 15 21 4 11 6 70
15 7 9 1 22 5 9 11 8 3 54 15 32 10 92 14 76 12 2 13 63 2 63 9 98 6 42 4 12 8 41
15 6 67 11 7 14 91 3 52 8 87 5 4 9 1 7 56 10 82 1 47 13 35 12 8 2 92 15 39 4 11
15 12 44 3 24 1 24 5 14 15 34 6 57 10 30 11 64 7 4 13 14 9 69 2 95 8 22 4 60 14 61

insa:
1332
182 166 213 18 94 126 157 35 81 146 11 57 116 205 73
16 61 168 79 52 129 160 191 10 39 115 222 102 150 208
136 185 212 77 199 170 51 158 69 130 112 25 103 14 45
1 139 32 153 50 125 22 84 99 179 194 72 224 119 210
183 107 122 167 214 156 53 36 201 8 145 88 28 101 74
196 109 48 141 216 64 19 159 7 193 89 42 180 105 135
181 46 3 140 63 155 219 82 203 131 114 175 27 41 104
106 121 31 2 92 154 66 200 86 174 148 29 223 59 195
33 6 65 20 128 96 202 221 192 56 176 149 162 90 120
187 169 152 5 143 217 68 54 83 97 24 37 204 134 118
184 197 138 124 218 23 9 173 98 87 40 161 117 75 60
211 76 47 151 17 62 93 34 171 111 189 147 133 13 207
137 78 95 67 220 190 113 55 26 132 177 12 206 44 164
108 198 49 127 21 188 172 85 144 38 100 71 163 225 15
91 186 123 4 215 142 110 80 70 178 58 43 30 209 165

