30 20 600
20 20 49 13 91 15 1 11 37 16 32 8 69 12 56 18 65 2 45 6 66 9 17 1 72 19 38 3 64 4 20 5 68 10 71 14 51 7 17 17 26
20 11 59 6 43 12 90 9 51 17 96 7 62 20 35 16 6 1 54 14 81 2 3 18 80 4 94 8 39 19 37 5 21 3 52 15 51 10 36 13 89
20 16 57 20 90 11 34 6 37 7 60 8 51 4 27 10 29 2 53 17 20 18 45 12 16 15 2 13 24 5 34 19 18 3 2 9 75 14 78 1 46
20 14 33 10 15 15 68 19 19 2 43 12 7 20 2 3 19 4 15 5 58 11 80 6 48 13 49 18 82 7 63 9 26 17 4 1 38 16 62 8 41
20 4 82 3 63 11 72 9 47 2 56 5 89 6 71 16 91 13 75 12 93 14 59 8 58 1 20 17 84 18 63 10 50 7 48 20 85 15 39 19 45
20 20 56 12 32 7 34 10 30 8 40 19 67 14 30 15 49 16 17 1 17 17 15 9 58 13 47 4 15 11 21 2 74 6 85 18 7 3 41 5 79
20 16 5 11 76 6 48 10 58 20 23 1 44 9 63 19 56 13 59 14 72 7 34 5 82 18 86 15 43 8 70 3 41 2 97 17 57 4 38 12 24
20 20 59 6 34 15 66 4 20 5 13 13 88 16 95 14 6 7 68 19 41 8 51 10 20 12 80 2 1 17 43 11 6 18 37 1 34 3 72 9 62
20 13 55 6 59 20 53 11 74 9 77 12 72 1 76 18 95 5 66 7 2 14 26 10 53 17 41 4 28 3 26 15 69 8 74 16 60 2 79 19 5
20 10 63 16 94 13 86 6 97 4 94 14 82 20 88 9 25 17 10 5 72 19 39 18 49 8 5 3 38 7 85 1 42 11 89 2 22 15 34 12 18
20 2 62 20 65 19 25 11 74 7 48 3 73 16 92 15 69 8 2 18 17 12 79 14 81 6 55 13 37 17 79 5 95 1 94 10 31 4 16 9 44
20 12 53 20 14 3 77 18 92 15 32 8 47 16 93 5 41 6 6 1 71 2 69 9 70 4 96 11 11 14 39 17 10 13 15 7 39 10 98 19 29
20 7 25 6 80 4 38 12 44 14 78 15 39 10 29 13 40 9 5 1 47 20 61 2 47 3 63 19 80 5 46 8 76 16 15 18 54 11 21 17 25
20 3 53 7 99 5 44 13 54 18 89 17 75 1 26 11 58 8 30 4 17 6 3 19 17 2 14 9 1 10 60 20 49 16 76 12 83 15 9 14 32
20 10 22 6 10 2 94 8 54 12 91 1 99 9 91 13 8 3 39 20 59 11 3 7 55 5 29 16 37 14 6 19 64 15 81 17 84 4 29 18 95
20 15 72 12 67 6 29 11 57 5 9 4 40 2 78 14 99 8 53 16 66 3 85 18 31 1 42 20 83 19 46 9 27 10 47 7 60 17 67 13 47
20 3 45 13 44 6 83 14 8 18 60 5 2 15 10 8 3 7 29 12 9 20 37 1 29 17 22 11 97 16 6 4 41 10 81 19 74 2 62 9 95
20 6 92 5 37 3 32 16 28 11 29 4 62 15 93 8 30 20 92 1 45 12 35 18 77 9 46 13 47 17 46 10 81 2 43 14 43 7 30 19 18
20 5 49 10 86 14 20 6 90 9 4 7 44 8 72 18 22 1 90 13 1 2 30 4 71 17 77 16 62 20 48 11 25 3 89 12 6 19 95 15 44
20 15 62 4 63 17 92 11 16 7 20 3 69 6 65 1 81 14 21 13 54 10 97 8 79 9 37 20 97 19 93 2 55 18 70 16 60 12 36 5 57
20 18 76 14 54 17 76 16 36 6 93 5 67 4 35 12 37 1 44 8 88 11 3 3 22 13 73 15 65 2 26 9 3 20 99 19 78 10 38 7 30
20 3 77 10 82 18 66 5 75 8 95 6 72 1 76 19 52 20 72 14 4 12 70 2 76 9 61 16 88 17 39 13 36 11 88 7 69 15 58 4 14
20 13 65 5 8 19 90 2 57 20 73 6 2 15 62 9 48 1 76 11 87 16 53 7 23 18 76 3 74 12 99 17 34 4 71 14 27 10 87 8 46
20 14 76 7 54 12 75 6 69 18 44 17 26 20 63 11 75 1 78 5 78 4 39 2 7 10 73 19 27 3 55 15 23 8 55 9 29 16 56 13 36
20 15 17 10 42 14 56 12 84 3 44 6 74 7 62 18 55 9 55 5 31 13 71 1 11 16 16 2 29 19 50 20 72 4 64 8 42 17 28 11 70
20 10 76 19 56 7 78 9 2 2 6 5 71 17 19 8 69 13 30 11 87 14 57 18 33 6 87 3 68 1 24 12 31 20 56 16 5 15 19 4 82
20 3 64 20 36 16 19 9 90 15 65 4 80 5 26 2 2 7 52 12 72 18 17 13 29 14 60 6 16 10 6 17 91 19 79 8 43 11 99 1 26
20 20 82 2 80 18 60 7 93 14 54 3 24 13 87 9 63 1 59 10 85 12 13 4 32 11 93 5 33 16 15 8 48 17 72 19 23 6 97 15 76
20 18 61 15 6 7 87 6 74 19 67 17 44 14 63 1 12 20 81 10 61 3 26 8 23 11 76 9 93 5 97 2 75 13 76 16 46 4 66 12 54
20 20 77 8 6 9 62 1 22 5 81 4 44 19 28 10 97 6 16 3 7 13 34 12 3 14 93 18 12 16 35 7 88 15 9 11 93 2 87 17 51

insa:
2432
584 167 250 126 568 449 332 388 427 29 350 549 110 286 369 313 409 267 469 230 12 93 492 196 78 515 217 158 540 60
201 542 444 65 283 307 528 505 85 252 9 49 371 31 116 432 231 273 137 472 415 396 494 154 576 339 357 198 599 179
521 421 343 321 223 386 82 261 68 546 206 253 590 571 485 311 289 454 412 57 119 136 194 175 14 377 514 475 37 159
382 81 243 346 526 306 69 586 144 185 47 336 407 114 552 372 270 33 174 471 457 15 233 497 579 299 219 440 139 520
342 442 361 305 424 527 326 70 585 263 145 86 169 506 406 132 228 255 190 55 470 293 490 554 120 575 16 216 36 400
341 162 242 303 564 282 323 387 446 123 22 142 364 44 184 426 589 464 87 405 10 534 486 72 229 117 271 213 513 559
241 563 462 385 544 503 529 329 262 103 205 45 26 366 131 452 170 487 596 292 149 195 75 318 238 97 438 19 359 420
582 328 425 6 309 284 348 105 226 367 209 46 572 508 392 410 269 135 193 92 151 34 538 556 177 256 477 498 460 80
524 165 583 504 249 448 24 84 127 365 548 112 11 287 188 393 353 574 489 433 274 232 316 416 58 76 340 478 220 160
181 62 482 501 422 281 362 247 124 104 588 570 391 48 550 535 337 172 356 275 152 473 317 96 459 17 218 39 239 419
21 345 384 164 304 122 4 83 43 204 71 334 450 468 573 115 510 291 268 411 553 598 376 539 234 437 156 197 259 500
221 302 244 66 166 102 23 330 463 7 530 285 484 351 592 211 551 408 90 52 431 455 153 378 516 278 399 580 140 200
161 441 322 2 183 248 547 264 129 390 532 591 146 89 509 113 288 370 54 354 73 413 491 214 436 237 577 40 480 320
61 461 483 245 363 545 324 402 308 567 389 130 107 186 533 593 430 30 171 91 148 212 511 295 458 235 59 358 18 280
481 381 301 562 63 525 3 246 447 327 143 347 225 208 108 53 134 597 414 176 297 476 380 519 38 279 439 199 99 560
121 523 344 41 182 5 404 310 207 28 335 451 109 88 227 595 147 374 294 434 493 555 277 398 178 257 518 578 79 479
383 566 403 25 333 466 111 507 50 536 266 189 373 355 456 173 94 435 215 77 155 236 557 298 138 260 20 499 319 600
561 543 423 401 325 224 168 8 265 531 465 210 368 352 312 453 594 51 133 488 32 118 192 512 74 95 397 157 258 300
443 64 502 203 565 587 128 106 428 254 537 338 191 56 395 272 150 13 315 296 474 35 495 379 558 418 360 180 100 240
1 541 222 522 202 163 581 67 445 101 141 42 125 331 251 569 349 27 429 467 187 290 394 314 375 276 417 496 517 98

