30 15 450
15 4 4 12 27 15 90 6 76 9 76 7 16 14 38 1 72 2 80 3 94 10 97 11 5 8 44 13 9 5 23
15 1 47 4 48 5 69 9 84 10 25 11 34 6 8 2 32 13 62 8 90 14 2 15 92 3 55 7 25 12 37
15 13 87 11 54 6 76 9 80 8 17 15 1 12 26 3 36 2 12 7 56 14 71 5 6 10 42 4 89 1 96
15 6 25 1 11 10 69 2 38 9 98 15 50 11 98 8 50 12 19 14 76 4 6 5 95 13 19 3 37 7 34
15 13 10 7 32 4 94 12 22 3 55 9 58 15 6 6 78 1 36 10 56 14 16 5 22 8 59 2 41 11 63
15 7 12 8 59 15 95 14 93 1 93 3 7 9 95 5 10 12 23 10 48 4 84 13 64 11 14 6 90 2 69
15 9 43 13 1 10 27 8 30 12 25 6 3 7 94 15 77 5 6 14 42 1 17 2 76 11 29 3 63 4 59
15 13 14 8 59 11 27 2 59 6 56 5 6 10 48 14 43 3 27 1 27 4 43 7 32 12 11 9 5 15 25
15 9 14 8 47 14 21 13 32 11 29 7 40 2 63 4 25 5 49 3 4 1 67 15 27 6 9 10 75 12 15
15 9 70 8 97 7 52 4 22 15 87 2 87 1 36 3 86 13 2 12 93 11 1 6 16 5 70 10 99 14 43
15 3 5 9 28 14 77 12 23 2 63 6 69 13 35 4 22 7 90 11 46 8 67 5 63 1 63 15 24 10 79
15 2 69 7 25 9 65 5 29 8 51 6 88 14 70 1 25 15 58 12 20 11 24 4 38 13 34 3 71 10 66
15 15 4 14 4 10 34 9 21 8 60 13 55 2 70 5 68 11 80 7 56 3 29 4 97 1 84 6 66 12 50
15 10 88 3 81 7 50 2 38 1 52 4 7 13 33 15 46 9 59 8 38 5 14 6 66 12 72 14 80 11 97
15 12 35 11 88 9 98 4 78 6 86 8 13 3 94 15 25 14 50 7 76 10 89 1 41 5 53 2 10 13 99
15 1 42 14 16 9 44 7 40 4 35 11 71 8 52 12 35 3 98 15 73 6 92 10 44 2 35 5 79 13 17
15 10 46 6 55 2 74 13 80 12 89 3 61 15 34 8 75 5 39 9 47 4 70 7 84 14 26 11 44 1 82
15 14 77 13 40 5 43 3 76 9 69 12 42 15 25 11 34 2 8 4 77 7 57 6 56 8 80 1 12 10 89
15 13 96 15 53 11 3 6 49 3 76 8 37 12 50 14 73 9 98 7 44 4 89 10 2 2 1 1 99 5 89
15 8 7 13 91 1 32 11 44 14 2 9 66 7 62 6 22 10 23 2 92 15 70 4 31 12 10 5 94 3 89
15 7 46 13 15 8 23 12 70 14 57 15 67 4 58 10 92 11 66 5 55 2 13 9 33 3 64 6 36 1 21
15 10 39 3 35 4 90 2 67 11 70 12 94 6 48 9 76 7 93 15 46 1 34 14 58 8 74 13 49 5 80
15 1 99 15 10 2 90 13 60 6 5 9 17 12 24 11 83 14 37 7 59 10 17 3 99 5 42 4 72 8 36
15 9 94 11 69 14 47 6 96 8 30 10 29 7 22 1 26 12 99 13 13 2 59 15 66 5 89 4 1 3 24
15 4 91 11 21 10 42 1 79 6 8 3 9 13 66 5 1 15 59 9 36 7 54 12 52 8 87 2 82 14 33
15 11 31 8 93 13 68 4 72 1 22 9 85 7 40 15 76 6 48 12 83 10 89 5 83 3 43 2 69 14 67
15 1 64 14 59 3 63 13 54 6 21 12 79 7 35 9 95 5 7 10 67 4 15 8 89 11 54 2 98 15 26
15 15 14 4 93 1 87 8 15 9 40 10 20 13 61 11 8 5 8 12 57 14 14 6 90 2 16 3 36 7 59
15 14 2 2 87 6 8 7 2 3 12 15 35 9 6 8 73 10 82 11 37 4 19 12 81 5 19 13 12 1 60
15 11 4 8 9 2 7 15 59 9 29 6 39 3 55 14 18 1 70 5 14 10 47 13 75 12 78 4 99 7 9

insa:
2205
226 16 200 47 331 288 391 380 80 131 364 408 142 163 8 353 444 326 173 193 269 255 101 69 222 435 115 284 45 315
438 166 243 199 155 319 127 49 422 187 333 23 141 264 295 9 356 238 39 109 311 102 389 283 418 404 224 374 74 90
151 197 317 442 275 259 425 393 130 246 81 217 366 234 191 143 65 10 38 342 388 179 28 59 114 104 419 313 360 300
1 17 318 230 201 379 214 139 158 128 361 407 307 63 265 297 251 192 56 431 86 177 401 344 281 44 116 449 359 105
18 258 169 129 188 206 162 249 368 414 299 310 445 99 83 387 399 239 343 111 42 148 57 433 330 223 72 358 15 285
242 441 274 46 96 156 423 215 4 395 33 335 22 293 322 365 384 133 207 349 171 236 267 147 110 68 194 417 89 314
301 76 167 198 229 126 97 138 424 62 159 382 292 397 190 6 340 266 352 324 220 252 40 371 280 29 60 117 420 450
437 377 122 303 286 94 77 185 137 276 170 232 205 428 216 161 409 248 350 53 107 35 25 268 328 402 373 345 13 73
121 91 152 136 440 228 346 184 168 213 19 204 381 427 291 260 336 50 410 5 250 323 34 82 398 370 66 279 312 119
196 241 93 316 183 48 20 363 429 294 308 134 411 386 351 341 165 446 237 85 400 221 43 112 11 282 70 180 149 270
436 376 212 273 125 231 289 320 347 32 362 160 21 189 263 338 52 413 309 108 430 146 176 254 403 103 12 88 210 75
211 304 154 95 2 277 245 233 321 396 261 337 385 64 208 298 415 54 354 37 84 145 175 448 432 372 135 195 30 118
61 271 92 302 378 124 257 287 186 202 244 157 31 394 334 106 24 367 412 144 355 447 178 329 58 434 87 240 14 225
227 153 123 256 182 421 305 79 392 290 443 348 339 7 278 219 55 172 26 416 327 253 41 100 209 113 71 390 375 150
439 181 272 406 78 332 203 3 140 426 306 247 383 262 132 218 51 296 164 235 98 36 325 369 174 67 27 357 405 120

