100 20 2000
20 10 54 13 87 5 61 8 35 17 5 1 48 2 33 19 21 18 65 6 83 15 78 12 14 9 70 11 25 4 36 16 56 14 87 3 32 20 96 7 62
20 18 68 14 15 20 22 7 53 11 33 12 61 2 73 8 63 17 96 19 61 15 88 16 86 6 53 4 2 10 29 3 14 1 49 5 14 9 22 13 66
20 18 68 11 70 4 84 5 19 20 32 8 58 16 87 1 82 17 7 13 47 15 68 19 71 9 3 12 93 7 24 3 31 6 19 2 56 10 88 14 71
20 10 58 20 72 4 51 11 42 2 31 6 63 17 49 15 83 8 28 18 92 19 83 14 7 5 7 1 30 12 14 16 27 9 58 13 32 3 16 7 67
20 14 36 17 51 5 65 16 40 10 79 11 39 1 33 3 77 4 84 12 68 18 71 6 54 20 40 8 94 19 56 7 94 2 55 13 10 15 13 9 13
20 17 51 8 27 10 31 7 65 14 26 6 62 19 88 12 69 18 47 20 36 15 3 16 90 11 90 1 31 5 24 13 35 3 24 2 68 4 18 9 70
20 15 8 6 6 2 93 11 60 10 68 14 32 17 95 18 17 3 12 19 79 20 78 13 26 16 15 7 83 1 8 4 31 8 5 5 6 12 36 9 75
20 2 41 12 95 11 4 4 98 18 22 10 64 15 41 19 56 1 23 5 72 16 10 17 35 7 55 13 17 8 10 6 32 14 76 9 49 20 95 3 14
20 3 96 18 23 9 44 20 19 11 90 14 6 16 67 13 37 17 64 2 80 19 98 7 66 12 74 1 65 15 3 4 15 10 50 8 98 6 46 5 80
20 4 1 18 65 12 36 1 35 6 95 16 99 14 82 13 46 17 26 11 35 3 96 7 6 5 28 10 92 20 12 9 42 2 47 8 78 19 10 15 76
20 3 78 9 99 15 90 6 46 16 71 14 76 11 45 20 96 13 58 10 3 5 70 1 80 7 30 4 85 19 93 8 16 17 26 12 79 2 44 18 21
20 2 82 14 16 9 56 4 35 8 81 15 97 10 5 7 68 11 60 16 33 20 57 12 42 5 72 17 77 3 53 1 26 19 66 18 81 6 84 13 84
20 6 29 1 6 8 38 2 96 5 85 9 36 11 71 4 5 14 53 10 11 12 87 18 99 13 42 15 69 16 74 7 34 3 25 20 10 17 25 19 32
20 8 40 20 73 6 80 7 70 10 7 15 35 9 35 5 20 4 68 16 29 2 7 11 12 12 70 13 47 3 46 17 78 1 28 14 48 18 50 19 22
20 3 94 19 79 1 1 14 39 7 33 17 94 6 69 20 19 15 29 10 33 8 72 4 48 2 88 11 9 18 1 9 99 5 20 12 29 13 83 16 44
20 13 4 12 18 2 9 18 82 5 59 14 64 17 56 19 78 7 23 8 61 9 80 11 91 3 38 15 89 6 85 4 23 10 48 20 90 1 29 16 97
20 12 10 9 9 11 82 18 28 4 48 15 66 2 22 10 32 14 34 6 43 20 64 5 43 19 24 7 88 17 44 13 15 8 28 1 54 3 94 16 80
20 3 50 8 54 16 27 1 69 18 34 19 5 11 22 4 29 17 47 12 24 20 52 14 26 10 51 15 58 13 50 6 84 9 15 2 93 5 2 7 16
20 17 71 13 25 16 2 12 75 6 62 4 79 3 35 9 87 1 19 7 50 11 33 8 79 10 63 19 9 18 24 20 39 5 2 15 20 14 84 2 53
20 2 78 15 11 20 42 1 60 11 76 17 57 16 29 8 50 18 79 19 81 4 19 5 24 14 91 9 57 6 80 10 74 7 99 12 4 3 62 13 2
20 13 4 10 65 3 42 16 97 15 56 9 92 18 49 7 83 2 18 12 86 11 48 6 24 17 42 14 99 5 87 4 59 1 22 8 34 19 63 20 45
20 12 54 18 64 19 80 13 51 20 75 15 42 9 60 11 33 16 6 8 90 3 32 2 77 5 11 17 63 14 40 10 30 1 37 7 62 4 94 6 8
20 19 6 13 77 18 76 9 23 6 61 11 90 7 6 10 85 14 45 1 86 3 10 16 71 8 13 5 68 17 16 2 33 15 95 12 52 4 88 20 39
20 10 47 13 30 9 67 19 99 6 52 3 29 16 23 12 8 1 77 7 80 2 46 5 54 18 64 4 45 14 17 8 12 15 35 20 3 11 81 17 15
20 19 24 17 50 18 47 12 88 7 68 9 42 2 2 8 24 13 2 11 63 4 88 10 72 15 28 1 47 20 31 3 62 6 59 5 6 16 9 14 60
20 18 68 16 82 7 22 5 44 8 55 2 25 1 45 14 75 10 13 20 84 19 17 6 67 4 21 11 6 3 49 17 67 12 7 9 74 15 29 13 20
20 4 73 16 2 8 26 9 15 11 29 10 44 3 26 18 99 20 86 15 59 17 13 6 90 2 13 19 17 13 68 12 88 1 42 5 61 14 65 7 72
20 4 3 18 1 13 40 10 33 5 29 11 42 16 13 14 15 1 78 12 37 9 30 3 92 2 49 6 91 20 42 8 74 17 53 19 59 7 56 15 32
20 20 31 17 84 19 29 14 75 6 68 12 12 9 29 10 51 1 76 3 98 15 33 18 99 11 28 5 17 7 89 2 4 4 21 13 84 8 90 16 4
20 19 5 9 69 3 19 7 45 13 35 18 89 20 40 11 38 10 30 16 52 6 73 2 7 4 45 8 60 15 43 14 55 12 10 5 97 1 93 17 63
20 13 76 14 61 2 21 4 41 19 74 18 51 16 36 7 49 6 26 10 31 12 67 17 69 15 6 11 54 1 65 9 7 5 70 8 45 3 32 20 25
20 8 1 9 69 14 28 1 25 17 25 13 24 16 74 18 48 7 4 5 12 12 80 19 28 11 75 10 82 3 34 15 99 6 19 20 59 2 10 4 11
20 12 46 18 81 20 64 8 28 7 89 13 71 17 29 10 27 14 81 1 34 3 78 16 7 11 51 6 25 5 47 2 14 19 32 15 47 4 90 9 31
20 7 4 9 40 10 32 18 52 17 37 5 35 11 85 15 26 19 45 3 58 8 42 20 75 6 13 1 15 4 86 12 74 14 98 2 19 16 45 13 60
20 17 44 9 65 4 5 5 30 14 51 2 42 3 88 10 79 11 47 8 46 13 62 7 50 18 58 6 82 1 51 19 89 12 89 20 63 16 59 15 84
20 8 50 12 61 3 36 16 14 17 65 5 86 19 87 1 28 18 50 14 8 20 99 11 73 10 96 13 94 2 87 7 68 15 96 9 69 4 19 6 33
20 13 81 7 81 1 29 18 54 6 24 11 55 14 5 9 36 2 48 17 41 5 34 8 33 12 48 20 37 19 32 3 34 10 52 15 27 4 80 16 14
20 3 36 9 31 8 7 11 88 18 99 7 55 14 11 4 65 20 47 19 18 10 46 13 39 12 78 15 46 2 81 17 31 6 80 5 35 16 92 1 51
20 11 65 4 46 2 31 16 3 15 21 12 55 14 11 3 5 17 40 5 52 9 99 19 11 13 36 10 83 6 92 8 5 20 19 1 58 18 47 7 34
20 9 50 15 56 20 57 3 27 19 20 18 26 17 71 6 59 7 14 14 46 11 22 4 66 8 20 1 33 5 39 13 33 10 86 2 30 16 37 12 77
20 10 1 2 51 20 77 7 72 5 87 18 50 14 94 8 84 16 8 9 73 1 13 3 12 11 97 17 86 15 63 19 44 6 14 4 67 13 19 12 52
20 9 22 8 5 5 51 15 18 19 23 17 97 20 91 16 86 3 13 11 27 7 68 13 44 10 93 6 82 1 17 2 48 14 98 4 30 18 86 12 92
20 3 5 10 92 19 10 8 63 17 41 14 26 15 14 16 30 11 3 18 9 12 99 4 54 6 14 1 98 9 23 13 11 5 66 20 48 2 25 7 79
20 7 82 3 50 17 86 11 19 19 70 1 76 18 99 20 34 4 53 6 23 8 89 15 82 10 19 13 55 16 15 9 23 5 99 14 63 2 1 12 75
20 11 43 1 25 13 40 2 18 7 43 15 86 19 75 12 24 8 82 17 24 10 71 9 89 5 67 16 28 14 96 20 20 6 14 4 85 3 59 18 38
20 15 28 6 8 5 99 20 8 10 53 9 51 4 92 13 61 2 79 1 73 16 80 19 24 18 55 14 73 11 55 7 9 12 66 8 22 17 95 3 60
20 3 14 14 89 18 24 12 37 5 30 10 88 16 1 2 15 8 14 1 36 6 14 13 62 17 3 15 27 9 44 11 50 4 63 7 26 20 91 19 85
20 3 24 6 74 15 42 11 43 2 58 8 29 4 58 19 54 20 76 7 22 5 42 9 80 18 45 13 28 16 32 1 59 12 1 14 81 17 48 10 15
20 5 90 14 20 11 88 16 84 15 39 13 6 19 12 12 14 2 19 6 44 18 10 10 26 3 6 17 75 1 24 9 38 20 53 7 37 4 69 8 46
20 4 54 18 78 5 20 14 66 9 2 16 52 20 47 8 84 7 28 12 11 13 66 15 45 2 8 11 22 10 14 1 31 6 88 19 73 17 21 3 70
20 12 36 9 29 1 65 14 32 6 79 8 2 11 42 10 95 3 33 5 5 2 62 13 47 18 20 7 2 19 2 16 36 15 22 20 96 4 61 17 85
20 4 27 12 22 16 60 9 87 11 30 7 64 6 75 19 26 3 25 10 76 20 28 17 53 15 65 18 59 13 92 5 54 8 92 2 28 14 20 1 48
20 11 57 19 13 4 93 9 47 3 40 13 81 12 89 14 52 7 58 15 20 20 19 2 37 17 69 18 1 1 13 8 60 5 83 16 35 10 64 6 73
20 4 63 15 86 1 36 5 85 6 91 8 12 14 46 7 52 16 70 18 25 13 50 11 41 2 4 10 9 12 36 3 99 19 57 9 91 17 96 20 43
20 3 15 9 84 8 73 10 93 20 51 17 14 18 25 16 75 7 39 4 14 5 43 14 73 11 82 13 2 1 72 6 66 15 30 19 64 2 19 12 63
20 19 38 13 74 12 59 8 69 18 60 9 99 14 14 16 48 10 9 15 50 17 83 6 85 3 74 11 10 20 95 4 10 2 80 1 92 7 92 5 39
20 1 48 8 75 3 18 17 65 18 11 5 32 14 61 2 46 10 22 11 1 12 38 15 33 16 78 4 39 6 67 7 79 13 66 9 99 20 22 19 66
20 4 86 14 95 19 30 10 19 18 90 13 65 15 79 20 23 8 69 11 81 1 30 12 9 6 99 9 86 3 66 5 62 17 32 2 97 7 25 16 37
20 8 42 19 67 11 84 6 55 9 76 14 48 3 95 17 59 4 69 15 53 2 65 5 30 20 94 10 85 16 15 1 96 12 68 18 1 13 30 7 94
20 7 28 13 76 9 2 1 86 5 58 17 40 6 14 20 32 12 11 3 13 15 1 14 56 8 92 19 13 4 85 11 15 10 74 2 51 18 4 16 66
20 9 52 18 73 16 57 11 13 7 52 4 49 6 38 2 14 10 87 3 63 14 78 12 40 15 13 8 23 13 42 19 99 1 67 5 28 20 65 17 92
20 3 90 8 59 18 86 11 30 6 34 13 79 14 77 19 9 1 84 16 73 5 9 2 44 10 43 9 59 7 6 12 90 20 3 4 19 15 4 17 33
20 16 34 6 18 5 25 20 51 9 21 14 93 4 22 1 56 15 80 2 77 13 67 12 89 11 15 18 60 10 15 3 80 19 23 8 90 7 86 17 17
20 11 21 17 61 20 25 7 91 3 67 6 84 1 15 2 59 10 35 5 5 9 38 13 9 4 54 18 58 15 36 8 36 14 69 16 7 12 22 19 5
20 18 3 5 73 4 36 12 75 7 95 13 71 19 10 15 7 10 13 20 33 8 39 16 30 11 82 1 76 6 68 14 37 2 62 3 44 17 6 9 51
20 20 87 2 31 5 28 7 68 15 7 3 85 4 57 9 82 17 98 12 16 19 12 14 28 11 5 16 56 8 78 10 7 6 18 13 7 1 9 18 15
20 17 8 18 2 12 50 2 51 9 97 7 86 8 72 14 92 19 29 5 58 4 10 1 13 11 25 10 42 3 11 15 46 20 74 6 86 13 20 16 31
20 9 43 4 4 2 31 15 98 14 38 8 13 20 9 11 87 1 68 18 54 13 75 3 37 5 11 17 58 19 46 7 49 6 6 10 15 16 28 12 86
20 14 80 17 90 5 47 18 26 8 9 20 10 7 18 4 95 3 19 13 52 12 17 11 55 2 74 15 24 10 85 16 40 1 62 9 60 6 96 19 96
20 7 30 18 75 8 59 15 22 6 4 5 52 4 97 11 39 2 49 13 36 9 91 16 79 3 17 19 38 12 4 10 57 17 44 14 46 20 17 1 66
20 12 3 7 70 11 95 5 22 9 72 19 39 1 96 17 94 3 47 18 35 6 37 15 59 2 45 16 87 14 99 8 33 4 48 10 4 20 92 13 68
20 8 18 18 74 16 88 2 60 13 8 10 45 6 1 15 83 1 71 3 78 5 71 12 52 14 36 19 18 17 12 4 93 20 72 7 37 11 32 9 28
20 12 46 17 80 11 12 18 43 19 76 6 83 14 74 20 44 8 97 15 46 13 30 16 56 5 79 10 34 3 56 4 49 2 2 7 63 9 41 1 87
20 3 53 14 35 20 98 5 19 7 22 8 31 11 89 19 94 15 27 18 92 13 80 17 60 12 22 9 31 16 23 6 5 10 40 1 5 2 90 4 13
20 17 32 12 43 4 75 11 15 19 37 15 5 2 64 8 4 7 30 18 29 20 14 16 35 3 85 1 75 9 45 14 45 5 2 13 7 10 29 6 68
20 6 95 14 11 1 5 2 20 4 49 7 16 18 50 20 10 5 15 3 63 9 97 10 9 17 88 8 64 11 12 12 95 19 19 13 16 15 54 16 9
20 19 52 18 33 6 16 11 10 9 87 10 62 1 76 12 88 13 22 3 63 20 50 15 87 17 16 2 56 7 38 16 57 5 52 4 71 8 15 14 18
20 9 89 16 32 2 77 7 66 3 88 20 6 17 37 18 35 1 49 11 50 13 89 6 62 10 28 14 31 5 61 15 41 4 71 12 2 19 22 8 9
20 8 32 9 20 4 77 18 70 15 23 6 82 2 51 12 75 10 34 16 55 5 91 13 49 17 46 7 80 11 6 3 69 14 70 20 99 19 85 1 45
20 19 32 16 27 9 43 17 53 14 70 7 17 12 57 5 77 11 91 3 49 4 6 2 6 20 47 8 93 13 4 10 54 1 93 15 68 18 48 6 93
20 12 16 4 5 11 39 18 79 20 51 17 39 6 39 7 32 14 38 10 28 9 96 15 35 13 56 19 42 2 45 16 83 3 42 5 40 8 25 1 3
20 12 77 9 1 6 11 14 87 19 21 17 44 2 92 4 77 8 9 7 92 10 10 15 31 11 62 3 65 5 44 20 78 16 22 18 13 1 26 13 72
20 18 11 20 46 9 8 1 77 5 31 2 48 12 37 4 99 14 27 17 99 10 31 11 73 6 60 15 40 3 81 19 9 13 20 8 81 16 71 7 2
20 7 60 6 20 2 62 19 18 8 18 1 33 20 38 17 48 3 37 13 78 15 76 18 28 4 65 11 61 9 40 5 28 16 67 14 4 10 17 12 26
20 3 54 18 89 8 69 13 93 1 69 15 93 5 54 20 30 16 14 11 14 9 71 2 49 7 10 4 86 19 88 6 67 10 17 12 2 17 2 14 20
20 17 54 13 83 1 59 3 70 15 18 6 34 7 7 4 2 18 45 16 6 19 80 11 21 12 72 8 80 10 89 2 52 9 33 20 41 5 76 14 5
20 10 53 4 15 12 75 19 10 16 48 2 54 20 1 17 43 14 22 18 31 1 63 6 1 15 68 11 74 13 23 5 32 3 53 9 71 7 93 8 22
20 17 21 15 51 3 56 12 39 6 32 14 17 18 37 20 21 9 42 16 81 10 56 11 29 2 11 13 78 8 40 5 66 7 57 4 92 19 5 1 38
20 8 30 10 31 17 92 3 26 15 56 4 67 6 88 7 11 19 25 20 24 14 98 9 8 16 34 18 18 1 80 13 82 12 28 11 87 5 77 2 14
20 6 40 19 43 14 85 11 84 9 76 15 64 10 7 13 51 5 51 3 15 8 96 12 31 20 85 7 30 2 85 18 45 1 73 16 73 4 17 17 57
20 7 3 12 32 9 92 1 97 2 78 3 83 16 37 8 41 13 4 15 62 19 16 6 36 17 4 11 26 20 28 18 2 5 16 4 37 10 93 14 26
20 8 64 11 90 17 88 10 32 6 13 16 70 13 5 7 30 4 44 3 82 1 98 20 44 19 67 9 24 12 49 5 99 18 9 2 28 14 96 15 70
20 16 83 19 29 20 27 1 78 11 85 13 10 15 77 10 91 2 24 4 97 18 19 3 54 9 40 7 39 14 46 17 89 8 83 6 93 12 53 5 90
20 14 76 20 56 8 40 5 73 7 14 19 74 13 75 2 55 18 90 17 8 3 9 15 59 4 60 6 27 16 1 1 17 12 6 10 41 11 41 9 10
20 1 23 4 77 9 7 13 66 10 5 17 85 3 87 7 1 20 40 15 69 6 62 18 90 12 20 16 18 5 32 2 36 19 4 8 6 11 47 14 28
20 12 45 10 87 20 4 4 17 2 6 8 13 3 72 5 66 19 68 7 87 16 1 18 79 17 44 15 5 11 33 1 32 13 20 9 63 14 73 6 62
20 11 81 6 3 10 13 9 42 4 22 2 32 1 83 5 56 8 28 16 96 12 34 20 42 19 22 14 86 15 45 18 79 3 7 13 43 17 27 7 41
20 7 4 11 55 5 31 20 22 3 28 14 44 13 15 12 88 9 27 10 66 18 50 1 25 2 27 8 91 15 53 16 71 4 10 17 12 6 2 19 61
20 12 70 10 69 9 26 17 78 14 42 8 97 20 68 6 88 11 37 4 23 19 46 3 55 15 29 18 81 13 54 5 70 1 71 7 2 2 53 16 28
20 12 39 13 56 10 87 8 21 16 9 19 82 17 44 9 63 20 9 5 50 2 34 18 58 14 18 6 87 1 42 15 78 3 98 7 30 11 46 4 21

insa:
6152
1121 882 1003 1503 384 242 344 1881 624 184 6 1844 1644 507 930 1184 1731 1248 1703 1527 1666 87 549 1267 283 1063 469 1429 708 149 794 569 1927 650 956 48 866 1407 723 277 910 369 674 1804 695 450 1916 996 1995 1685 1151 1095 811 835 212 1055 1775 1332 494 1377 1952 1549 1831 615 1760 174 135 1229 74 1349 537 1494 437 1319 1639 338 319 854 114 1597 1294 417 975 1217 1876 236 599 1478 37 1176 1040 760 1118 1797 1400 778 1620 1580 1977 1460
381 1504 884 123 802 1302 945 244 221 303 1726 7 65 686 506 141 928 1905 1487 27 1128 271 327 1424 1567 1663 1208 1011 1268 1324 763 603 1926 1753 409 1646 909 1250 1592 1627 170 1991 592 1849 471 358 755 1543 1343 487 993 1373 1534 1389 729 1805 1052 1413 798 432 553 1615 1073 1171 656 533 1953 969 456 836 58 1692 1868 1457 715 293 1232 1795 1838 219 197 576 859 1117 118 879 1716 1038 1896 1479 1198 97 1099 678 1297 1158 1780 380 639 1979
921 941 741 341 1461 201 1123 583 403 161 841 1081 703 1221 1265 281 1306 1764 687 1681 1907 862 1945 784 1743 1704 466 829 1009 88 1167 1669 1045 275 1430 367 670 1510 1790 1530 515 1590 527 1210 1887 552 651 570 1369 313 1409 1972 129 1830 1576 768 1029 451 1737 191 1256 1852 1545 431 812 736 1335 635 56 1190 1076 1393 1806 1493 1634 1455 1113 1997 79 1352 1655 339 973 1871 1155 496 235 36 117 1617 257 18 920 1000 619 1937 160 1298 899 399
181 1021 1602 1061 1141 1505 1722 1563 1483 683 541 63 348 1882 947 1904 1283 325 981 269 224 1766 1206 1247 1043 248 43 1134 937 366 1708 144 762 792 907 1273 521 89 513 1925 1169 748 1591 604 1673 1090 391 1829 1307 1387 1368 1970 593 1648 1342 1628 852 675 869 1850 491 1436 1331 1019 1538 292 214 1758 15 176 316 136 659 1417 1456 739 439 1195 1694 416 1873 34 1116 1957 577 838 818 1238 119 719 474 1480 2000 898 459 1818 979 1799 1557 640
1282 1243 903 83 3 1303 684 504 823 245 925 268 1126 545 1464 1943 951 305 706 1908 44 805 666 1010 983 630 1509 1645 1064 1270 1588 1363 1431 1789 150 1404 961 1386 1571 392 1091 795 332 1990 1928 1676 1185 1756 359 472 233 1736 893 770 211 731 1537 1864 1330 454 433 1687 1453 1172 655 598 415 73 1057 1635 377 138 1231 574 193 617 1497 1353 1836 538 857 115 877 1036 498 758 1218 1895 1618 38 1156 1976 297 1779 1817 1719 1555 180 1120 1860
1501 122 902 1242 942 241 263 1005 1781 1922 1523 1623 185 365 66 106 931 465 1566 1164 1732 1662 1207 1446 565 1706 788 330 1427 1266 1135 1745 1767 10 445 204 512 1065 1607 1825 356 1385 1027 591 1968 694 673 725 1891 395 1225 287 1994 156 1411 997 834 609 870 853 92 412 1096 757 1187 1653 1112 654 532 1920 315 554 57 970 1153 1317 1060 637 1500 33 179 1338 1874 440 897 817 497 1476 1959 1696 1552 1295 720 1812 775 1357 1379 1858 239 1600
1181 1801 1941 661 1381 1506 885 1264 861 503 264 1304 104 24 1586 1205 950 1465 584 1661 1489 629 804 645 1707 789 1402 309 692 1285 1026 1768 1910 1136 989 408 447 746 1089 1608 1326 1068 1828 470 228 1888 1367 285 722 1574 831 938 370 485 153 1544 1014 1630 1535 1049 608 1854 1865 213 334 172 1757 55 1739 916 134 192 360 1794 1693 438 1998 1458 256 1259 575 80 716 1235 540 860 978 559 96 1356 1438 397 1119 1159 780 1660 20 1978 1940 1180
621 1761 1561 261 701 1122 1821 342 243 1006 822 1421 4 946 1161 102 1222 505 929 1906 1984 1083 1488 743 1466 844 28 1966 644 1665 690 1104 388 46 1683 793 988 310 523 225 1383 889 1066 1449 1365 671 1755 1791 1714 1276 1327 1149 594 1929 69 808 1629 155 488 1594 1214 1863 453 430 732 372 1346 871 1056 291 94 1258 1193 1315 1954 1416 1291 137 1539 337 1857 216 556 918 1514 178 198 1037 418 1808 1658 618 476 776 1898 1740 1619 579 980 1560
1201 1002 1562 821 622 582 463 322 682 1583 662 1643 1963 781 1622 163 1082 267 246 1803 1525 223 1245 1183 1883 742 202 935 1165 1785 952 1024 906 406 1044 567 985 444 1271 1749 1949 551 1924 524 1325 1106 1405 357 1988 311 1675 427 1541 394 368 1772 892 1341 486 1308 53 728 1918 810 1611 1853 771 1391 1738 13 158 518 616 1691 876 77 1378 1511 1495 1834 1154 855 196 1474 1234 976 1459 1078 1717 718 296 39 660 1138 1880 100 120 1440 1300 140
801 461 1762 1721 1 61 402 1962 1902 663 1983 265 85 103 926 1923 544 842 353 1129 1526 328 688 1008 1426 905 1209 509 1084 1885 648 1269 1787 146 568 1569 125 1751 250 1144 1824 526 1950 227 751 1109 589 891 1848 634 448 1289 1610 833 1679 713 995 1631 1255 1375 210 1596 797 610 1651 492 290 1030 1334 737 1074 373 873 1454 1316 1396 436 177 317 1418 1059 774 1512 1174 1499 194 972 1233 35 1715 1477 396 1197 1553 1878 1358 960 1697 59 1819
881 1261 1603 1041 761 1921 944 1443 124 1007 42 347 1484 64 323 1524 1822 385 1204 25 1163 1942 546 247 1130 1784 86 936 272 143 689 744 1845 667 791 1025 830 1403 165 446 864 1752 514 525 1589 1712 633 849 1467 588 1674 712 229 428 312 1969 1575 1388 1253 411 190 1224 207 1734 1372 1915 994 726 1150 1093 490 371 1313 963 1633 1348 1333 1652 1072 614 653 915 14 1690 813 573 1114 1293 1550 113 294 1196 1515 1778 1999 1879 1814 479 1899 1439
1601 1001 1981 421 1022 1482 1901 1441 321 1961 302 702 1621 1723 183 1802 364 924 350 641 1323 1284 26 1401 1131 1587 142 1103 484 273 550 1744 468 566 1948 1568 631 1528 990 888 251 1713 90 957 851 753 410 1647 1252 1371 1047 232 766 1212 1432 12 1680 597 1310 1792 733 611 108 676 54 1931 1189 1075 173 517 968 917 800 1395 536 75 1152 1279 1835 139 218 1473 697 1893 1777 1236 1877 458 880 1516 820 298 1100 1177 1698 398 840 1859 1360 1558
401 1182 462 883 301 1982 2 362 543 721 626 932 1702 442 1102 1425 1947 585 355 1884 691 646 1846 274 601 1046 1272 1788 908 1670 1529 991 424 954 1286 1827 1754 168 752 1572 1146 50 1251 1370 188 1451 832 1012 154 1735 1226 1684 1917 209 489 1595 796 1094 132 1390 1215 1071 1137 1613 1975 1867 966 1776 253 874 535 336 714 773 1318 78 1351 1498 1471 856 1035 1657 116 1339 1551 520 1420 819 1809 1640 578 98 40 1518 299 680 1938 1179 400 240
81 1361 1502 1004 623 922 1462 685 22 1585 222 1783 564 1729 105 1142 352 1127 1246 548 1965 1946 329 306 1166 249 508 790 1447 284 1746 984 1624 187 602 126 649 807 710 846 747 166 1609 1067 1107 962 1771 958 393 1092 206 1277 449 1861 1649 1211 1678 1993 767 1048 596 1433 727 1577 157 1328 1312 1345 1227 914 1855 414 1919 1192 278 895 1415 72 435 1540 1496 1398 17 539 837 878 1934 1039 500 677 475 1554 1296 1839 379 1720 1700 1900 1820 60
121 901 382 943 782 266 1486 1305 824 1742 1062 1565 1765 886 934 405 326 1132 354 1705 1733 203 1428 1249 668 1786 765 147 1847 1671 68 847 1384 226 1450 426 1288 1110 1275 754 1147 51 1890 11 1973 1914 595 1532 992 1213 314 1017 1374 1469 289 1344 1050 1412 1632 530 1612 1996 493 1686 613 965 1170 1191 1654 872 738 571 1336 175 658 111 254 1033 1955 31 636 457 1872 815 378 519 1097 717 1239 1810 1598 477 99 1935 560 700 1519 1556 200 1840
1241 1841 1023 1582 343 502 84 404 363 1725 704 1423 1203 927 186 627 1985 547 270 1133 828 467 387 1710 764 986 47 1750 522 1088 151 1570 205 848 955 1826 167 1108 590 1911 1492 1069 429 230 1542 1452 1677 911 1773 607 1016 452 809 652 1536 1376 1314 1414 964 799 1930 894 1392 133 1278 1689 16 875 1807 1230 76 1058 1292 1637 112 1956 255 32 1175 340 1616 1875 1475 740 1894 499 759 1340 699 320 679 1359 1798 300 580 1520 1659 1160 1200 1980
1321 1481 681 1701 82 1262 1442 562 361 1584 5 349 101 1741 1728 1763 1124 625 705 933 1964 826 482 787 307 665 386 1987 1668 67 647 1362 1086 1886 1168 863 1606 1823 845 152 1626 890 127 276 49 169 1573 1111 1408 286 189 1913 959 29 769 1533 1650 1309 730 1435 756 1053 1547 413 1186 612 531 455 335 434 516 1032 1020 1856 1397 234 814 217 1513 557 1472 1870 974 919 1354 1958 999 1260 259 1240 1157 1079 1813 600 1220 480 1699 1299 1939 1800
1281 1641 501 1522 422 182 1507 923 41 1444 345 162 21 542 1322 1422 1202 324 1564 1730 9 1125 304 642 628 664 982 786 483 1604 1682 1709 806 145 1105 443 1747 1087 389 407 1382 745 1490 1672 709 953 1364 586 850 128 1145 1274 693 606 528 1912 724 1223 1070 1992 1013 867 1410 1254 913 91 1974 1851 1774 1470 1054 70 1548 252 1951 109 375 572 971 1638 1350 1034 473 1869 1837 1796 279 1892 295 1320 220 839 1599 238 1816 1936 779 1178 1199 900
1101 1521 581 1581 1842 441 481 346 1042 1782 1724 563 1485 1162 948 8 464 825 1445 843 785 1143 887 1986 1664 308 1909 282 511 669 707 1625 148 390 632 423 1711 1769 865 750 1406 605 1287 1028 333 1971 107 52 130 1015 912 1468 1434 30 1311 171 1329 1257 1228 1866 772 735 1614 1216 967 374 696 1759 657 534 71 1394 940 1833 95 215 1194 1280 1933 998 1656 280 816 1695 1077 1355 558 419 237 1811 1098 1897 199 1517 1960 1579 260 1140 1380 1559
561 262 383 1301 1263 62 1843 1642 1244 1903 783 23 1727 803 949 351 1463 1944 164 827 643 904 1508 45 1667 1967 510 1085 1448 1748 987 1605 331 711 1770 749 587 425 1989 1366 1491 1889 1593 1531 1148 672 529 231 208 1862 288 868 131 1051 939 1546 1347 1018 93 734 1290 1793 1188 1031 495 1688 110 376 1932 1173 1832 1337 555 1636 318 896 1115 159 1419 195 858 698 977 1578 1237 258 1718 1219 1437 1399 620 478 1815 777 19 1139 460 1080 638 420

