30 20 600
20 9 17 11 42 6 3 14 77 12 53 18 65 20 14 19 14 10 77 16 22 4 26 17 53 1 36 13 66 8 26 3 56 2 14 15 41 7 69 5 85
20 15 57 19 93 2 85 3 20 14 94 10 3 17 59 7 80 20 40 18 83 8 67 9 55 4 25 11 24 1 74 12 47 16 37 6 98 13 9 5 84
20 10 2 7 62 14 35 11 87 6 37 16 79 3 4 9 79 20 61 2 35 5 39 19 26 12 24 8 17 17 8 13 88 1 39 4 25 15 92 18 48
20 15 51 4 30 11 79 17 27 19 25 2 13 18 3 1 23 7 17 9 22 3 45 12 13 20 72 6 52 8 56 16 56 13 84 10 16 5 50 14 64
20 6 72 17 80 12 4 10 7 18 85 11 30 19 75 16 47 1 94 20 11 7 75 5 63 14 58 3 63 2 4 15 33 4 47 13 78 8 8 9 20
20 8 32 10 82 2 45 3 14 5 10 7 60 11 98 19 95 18 61 9 88 6 66 1 79 20 98 16 44 15 48 14 27 12 47 13 31 4 13 17 50
20 1 32 13 53 2 33 15 70 19 59 7 41 9 95 18 65 11 91 3 7 20 19 6 82 17 93 12 56 8 44 14 47 10 32 4 62 16 52 5 15
20 17 5 15 44 19 94 12 20 2 35 11 75 6 92 10 30 8 69 3 4 13 99 16 71 18 18 9 1 1 75 5 44 20 35 4 37 7 53 14 96
20 11 60 20 54 19 41 16 45 9 79 1 19 3 53 10 91 14 1 4 74 7 16 8 56 13 75 12 95 2 90 5 86 6 58 17 42 15 79 18 8
20 10 78 15 56 11 24 20 60 9 88 13 47 8 33 7 11 19 92 3 72 12 42 1 88 14 30 16 57 17 97 2 25 18 26 5 5 4 62 6 45
20 4 95 5 62 19 53 16 69 7 45 3 48 17 49 8 59 6 37 13 23 10 94 18 19 1 79 9 81 2 9 11 66 15 32 12 17 20 38 14 59
20 3 61 5 73 2 79 16 25 17 75 4 5 18 76 7 26 12 69 13 18 8 21 19 21 9 16 14 39 1 15 15 64 20 98 11 70 10 54 6 32
20 17 46 20 94 11 33 10 24 15 31 13 57 19 57 3 8 18 88 16 55 7 69 8 51 6 94 12 43 2 35 1 61 5 14 4 30 9 84 14 79
20 13 97 4 7 18 59 5 87 9 57 10 37 3 4 12 2 14 23 6 45 19 73 11 72 7 98 8 79 2 61 16 15 17 80 15 77 1 15 20 76
20 8 53 1 66 19 42 20 59 16 6 3 60 10 30 2 59 11 63 7 61 4 83 12 14 14 78 13 90 9 38 5 88 17 20 18 23 6 81 15 64
20 2 75 20 38 15 15 8 48 18 37 1 92 14 99 12 37 17 79 13 28 11 68 10 20 7 6 4 57 19 79 9 97 16 76 6 11 5 6 3 95
20 11 74 18 45 10 93 17 9 19 58 5 16 3 27 12 19 6 19 16 69 9 82 4 25 8 31 1 51 13 85 7 42 15 10 20 85 14 85 2 27
20 13 30 12 5 8 54 10 3 20 63 17 47 18 59 7 45 16 63 14 40 11 10 5 16 2 42 9 46 6 66 1 34 3 1 4 15 15 81 19 69
20 16 98 18 89 11 45 5 11 15 12 2 49 4 44 19 98 9 15 17 79 7 98 3 48 1 19 8 90 12 20 13 20 6 13 14 78 20 32 10 39
20 1 20 12 4 18 65 11 99 16 56 6 61 13 45 10 93 7 32 4 44 5 62 2 94 8 57 15 58 17 44 3 88 9 1 14 65 19 73 20 64
20 14 15 7 71 5 39 9 31 19 32 13 80 1 54 6 38 4 51 10 50 2 58 15 96 12 96 17 9 3 65 16 32 8 19 20 54 18 7 11 10
20 9 53 7 19 15 68 13 99 1 77 10 12 11 81 3 96 19 46 20 56 14 41 6 8 18 93 2 10 12 75 8 75 5 85 16 32 4 80 17 84
20 13 96 17 9 9 42 5 52 20 66 10 80 14 45 7 91 4 31 3 40 11 12 6 60 15 99 12 57 16 68 2 44 18 16 19 55 1 6 8 84
20 11 98 19 29 9 75 16 40 7 81 8 73 3 70 1 29 12 85 6 3 18 89 13 12 15 1 10 46 14 30 4 28 5 82 2 10 20 18 17 97
20 7 21 17 47 5 2 16 63 1 57 13 25 8 25 11 80 6 70 14 44 18 7 4 30 15 62 19 55 2 68 20 56 9 1 3 25 10 5 12 13
20 14 41 20 6 1 7 6 80 15 93 9 12 11 54 18 12 16 38 13 30 19 68 4 36 17 19 12 46 7 71 2 71 8 94 3 66 10 99 5 57
20 17 57 19 55 12 46 16 15 18 61 5 64 10 19 2 14 11 49 6 58 14 54 4 54 9 50 1 32 15 40 3 47 20 70 13 97 8 50 7 65
20 8 53 1 32 19 2 17 85 7 17 14 94 18 46 6 83 15 63 12 67 10 46 20 84 4 34 13 22 5 24 9 70 11 63 16 14 2 76 3 67
20 18 25 17 83 10 87 2 50 1 60 16 63 12 86 6 5 4 11 19 27 13 8 15 32 14 16 3 49 8 20 20 42 11 59 9 13 5 86 7 38
20 8 64 2 20 17 31 18 14 4 50 14 93 1 72 20 74 7 13 11 42 10 18 9 25 16 83 19 33 6 21 3 92 12 48 15 60 13 4 5 80

insa:
2451
381 282 121 503 542 306 565 425 166 407 587 68 468 534 485 89 356 213 235 334 13 112 35 192 373 256 155 57 279 459
301 103 123 23 564 223 582 528 145 288 366 66 411 353 516 392 175 434 50 215 478 255 275 559 95 17 196 456 495 340
221 104 286 24 267 206 248 167 467 71 327 574 150 450 536 428 130 47 357 190 596 396 372 16 415 94 518 560 320 498
201 262 62 585 226 367 512 409 569 532 291 449 170 390 332 11 553 476 33 314 358 492 258 58 138 158 119 97 439 199
222 202 403 105 444 264 526 364 483 326 352 391 296 555 477 176 51 92 79 437 257 156 600 579 40 198 319 520 20 140
81 3 504 270 386 530 408 568 147 209 548 470 329 74 355 45 452 111 132 432 595 253 489 177 377 38 299 318 240 200
42 422 402 545 481 106 205 465 126 348 28 290 69 448 228 515 389 171 589 188 273 251 313 371 91 336 19 159 540 580
281 101 541 304 343 581 466 208 187 149 575 231 172 75 31 333 393 252 487 274 15 517 436 54 374 135 539 417 99 460
1 421 443 404 506 463 265 165 185 127 70 533 354 110 331 233 295 592 369 32 48 556 214 397 154 316 578 259 497 100
41 181 102 563 244 344 287 84 527 266 323 26 446 426 168 410 148 388 211 551 9 591 474 312 78 137 519 239 380 499
161 2 321 183 243 461 363 63 507 384 529 146 289 107 86 427 351 272 44 451 129 590 311 34 488 557 216 577 238 420
382 523 5 342 83 268 144 567 514 469 72 328 229 292 550 308 174 191 254 435 53 597 413 134 218 375 36 454 117 500
441 261 122 341 246 424 406 510 387 186 571 210 230 151 294 472 173 310 554 486 14 335 77 56 599 376 538 118 39 98
401 501 43 4 546 25 269 586 447 531 169 350 573 307 293 234 475 431 490 398 193 93 80 116 136 220 378 339 260 160
61 21 182 303 423 505 142 245 124 365 572 535 549 473 412 394 236 453 359 337 217 598 115 278 493 96 18 59 179 300
361 524 285 164 204 224 464 385 509 566 484 349 250 330 88 46 10 593 76 152 114 276 558 194 37 455 438 317 416 139
241 521 442 562 544 141 82 482 583 346 225 324 27 64 207 513 309 12 370 395 133 297 55 277 414 178 195 480 120 440
561 383 362 263 305 525 322 6 547 85 584 508 347 249 227 67 128 30 109 471 212 433 153 491 298 457 197 60 419 180
522 283 543 22 405 462 163 203 143 247 125 325 511 65 271 570 108 8 87 368 232 429 189 594 315 52 360 399 494 458
242 502 302 162 284 184 445 345 7 588 29 73 537 552 131 430 90 576 49 113 479 237 219 338 157 280 400 379 496 418

