15 15 225
15 13 40 2 96 5 59 10 95 14 76 1 75 12 23 9 65 4 65 6 16 7 71 15 52 11 84 3 99 8 24
15 6 2 2 88 15 99 11 52 14 68 10 13 7 38 13 35 9 57 3 37 8 93 1 38 4 68 5 94 12 71
15 7 87 4 46 11 14 8 87 14 30 5 79 6 62 10 37 9 54 3 1 1 97 2 16 12 2 15 51 13 96
15 11 19 8 15 6 42 1 8 10 72 14 15 3 76 9 25 2 78 15 84 12 62 4 70 13 81 7 16 5 97
15 7 68 13 71 15 3 2 68 8 91 6 37 12 73 1 21 3 85 4 79 9 51 14 50 5 21 10 30 11 64
15 5 14 8 1 7 29 1 72 9 6 14 31 13 98 15 50 4 83 3 2 6 86 10 33 11 33 2 98 12 59
15 11 21 12 80 7 99 10 70 1 80 3 71 2 47 9 96 13 56 8 78 6 53 4 10 14 92 15 1 5 33
15 4 29 11 85 6 89 7 10 9 30 5 38 1 38 15 48 3 16 8 65 10 90 12 73 13 88 2 46 14 47
15 2 37 3 9 7 49 8 23 11 1 13 78 15 39 9 15 1 9 4 41 14 35 6 83 5 8 10 61 12 60
15 13 1 8 73 7 47 15 46 4 10 5 37 1 60 14 84 11 26 9 11 12 37 10 79 6 75 3 49 2 51
15 5 22 4 49 9 33 15 2 3 24 14 3 6 73 7 68 11 21 13 61 8 69 12 94 2 43 10 39 1 48
15 7 81 13 46 8 21 6 23 3 86 5 19 14 64 12 52 9 22 1 50 11 11 4 73 2 77 10 16 15 75
15 13 21 14 80 9 30 8 32 2 22 7 23 1 85 6 92 10 14 11 13 5 68 3 60 15 45 4 32 12 90
15 13 29 2 95 5 52 9 59 7 33 11 12 8 73 4 96 1 75 6 12 14 83 3 3 10 90 15 57 12 6
15 8 94 6 18 1 54 11 42 3 70 4 29 10 43 7 50 12 75 9 70 2 40 5 48 15 1 13 27 14 12

insa:
1407
49 79 213 95 187 112 142 6 129 68 41 27 204 175 165
121 17 2 197 185 64 54 97 42 89 221 178 163 119 150
122 52 155 215 96 25 85 170 40 114 69 192 207 149 14
106 32 152 216 140 84 203 130 57 9 28 194 70 177 102
76 151 3 198 36 111 141 171 191 133 29 222 73 60 105
16 48 212 108 157 169 37 66 188 86 132 205 10 148 101
31 78 61 93 166 109 186 138 22 200 123 218 158 11 59
77 211 47 34 137 184 168 65 124 202 26 115 161 100 15
80 183 153 110 53 199 24 39 128 145 8 98 174 220 71
50 94 21 4 217 38 189 87 116 147 208 134 74 179 164
91 46 33 107 19 214 201 125 190 144 159 88 176 13 75
92 56 67 7 219 146 43 173 117 90 162 195 210 135 30
1 181 136 196 62 82 167 23 126 160 99 58 118 224 45
182 81 51 35 20 156 5 143 172 131 206 72 225 103 120
18 63 154 83 139 55 113 127 44 193 12 223 209 180 104

