15 15 225
15 9 35 3 78 8 79 15 65 13 53 1 14 5 93 4 70 14 14 6 90 10 95 11 49 7 36 2 85 12 1
15 3 83 9 41 7 22 5 29 12 52 1 71 10 16 8 93 6 54 4 63 2 12 11 85 14 62 15 45 13 30
15 6 60 12 43 9 71 15 2 13 50 2 37 5 86 10 81 11 60 7 57 14 66 1 24 3 98 4 92 8 69
15 10 14 14 59 9 35 7 6 13 25 6 57 11 1 3 44 2 94 1 30 15 95 12 93 4 51 5 52 8 16
15 9 96 11 39 4 75 14 98 15 2 6 38 5 69 1 32 13 95 12 63 10 4 7 11 3 50 2 95 8 78
15 8 73 3 28 10 43 6 47 11 57 5 88 4 33 2 13 12 7 9 49 7 23 15 38 14 21 1 99 13 72
15 3 3 11 80 2 67 13 93 15 91 4 31 1 52 5 64 10 83 6 2 12 90 14 64 8 16 9 18 7 25
15 14 23 7 30 12 22 13 54 9 68 8 63 15 89 6 95 4 5 5 37 1 5 11 42 3 17 2 54 10 46
15 9 44 5 59 7 87 8 62 1 51 12 55 14 3 13 40 3 26 4 18 11 15 2 18 6 72 15 35 10 60
15 3 27 7 14 13 77 10 24 9 55 12 67 2 59 4 19 14 29 5 33 11 88 6 30 1 91 8 11 15 11
15 1 67 10 94 5 50 9 2 11 83 3 19 12 29 13 37 15 58 7 32 4 38 8 99 6 88 2 49 14 70
15 9 60 2 7 13 81 6 82 8 58 11 83 10 16 5 1 12 69 7 7 14 3 3 84 15 8 1 12 4 93
15 14 92 15 81 3 4 10 78 8 9 9 78 13 75 5 5 11 50 7 8 2 44 1 4 6 60 12 94 4 74
15 2 32 1 88 13 31 3 68 14 31 9 10 4 45 15 75 5 82 8 51 7 55 10 99 12 44 11 84 6 22
15 4 12 14 35 3 64 6 17 10 42 7 46 8 65 5 74 9 96 1 28 13 86 11 95 15 93 2 67 12 56

insa:
1470
197 151 21 125 68 97 192 220 6 55 116 179 42 89 148
196 167 93 142 36 191 83 54 132 26 74 119 224 164 14
91 136 16 77 213 199 183 2 156 53 129 177 73 118 43
211 63 202 143 96 82 130 25 161 8 114 180 58 44 195
122 19 81 153 218 67 145 188 37 204 98 173 7 115 59
31 214 79 66 169 51 24 193 133 100 113 10 163 147 210
137 107 18 216 123 49 190 160 86 175 206 72 40 13 105
76 217 185 3 124 170 23 111 205 162 75 60 103 149 45
1 121 61 17 166 140 201 33 110 154 186 48 219 85 104
46 78 139 215 152 184 22 38 172 99 71 207 11 120 135
92 62 80 155 189 52 171 146 131 39 27 222 117 12 209
108 32 20 141 157 126 84 174 70 57 208 101 194 225 15
138 109 198 168 35 94 187 50 158 128 5 69 221 90 30
106 212 181 200 64 47 144 127 176 9 41 88 28 102 165
182 34 65 203 4 95 159 112 56 178 87 223 134 29 150

