15 15 225
15 4 91 14 15 12 45 5 26 3 90 10 53 11 7 7 78 13 94 8 8 6 19 15 56 9 69 2 66 1 98
15 14 34 10 1 15 40 1 74 5 43 6 73 7 96 12 80 2 87 8 78 9 88 13 90 11 49 4 85 3 3
15 2 88 15 98 14 82 9 46 11 79 5 69 1 95 13 41 6 39 3 12 12 1 7 71 10 27 8 77 4 99
15 15 50 6 1 5 21 4 72 11 46 8 20 2 62 12 33 14 79 7 56 10 67 13 23 3 56 9 44 1 56
15 15 15 2 15 14 16 7 79 13 8 5 73 6 86 3 52 10 79 1 62 4 93 8 86 12 44 9 80 11 18
15 10 79 12 63 15 94 11 9 14 86 8 89 9 12 3 66 2 55 1 70 13 35 6 14 5 3 7 54 4 62
15 4 42 8 39 12 42 9 9 5 37 10 25 2 78 13 76 11 16 7 38 1 30 15 80 6 34 3 92 14 29
15 15 96 14 25 6 49 1 67 10 53 9 20 3 52 4 29 2 51 12 35 7 38 11 18 5 43 8 46 13 98
15 4 73 3 68 1 3 12 98 2 68 5 8 6 15 14 88 8 72 13 20 10 89 11 59 9 68 7 63 15 41
15 15 30 10 43 12 80 14 64 2 14 6 6 4 36 5 88 1 71 13 51 7 63 3 32 9 16 11 63 8 7
15 15 18 13 90 3 55 6 25 5 72 2 92 14 88 1 69 9 89 11 83 8 58 12 35 4 79 7 43 10 86
15 5 50 14 64 4 88 2 57 12 25 9 73 10 18 8 4 1 69 3 40 7 28 11 37 6 42 13 82 15 83
15 12 2 10 41 2 13 9 75 13 31 15 66 3 72 11 66 8 96 1 45 14 29 7 49 4 96 6 50 5 38
15 2 80 5 90 6 36 7 50 12 76 4 15 10 31 11 89 9 87 3 55 8 49 14 23 15 19 13 38 1 93
15 14 75 3 45 5 75 13 72 8 65 4 6 9 16 1 24 12 24 15 44 10 4 7 22 2 99 6 10 11 85

insa:
1449
19 123 109 190 174 158 218 70 37 144 85 101 15 210 60
31 183 62 196 169 156 140 125 52 97 24 84 223 114 14
153 122 187 212 68 5 175 83 112 205 40 58 104 147 30
121 1 168 91 49 201 216 142 71 113 193 163 90 45 29
166 48 20 66 155 4 197 213 95 126 36 143 88 195 118
47 154 21 67 108 198 127 141 11 178 39 224 87 194 103
64 22 199 8 176 192 222 55 100 42 89 116 146 164 134
92 189 173 51 215 81 129 10 25 161 206 72 44 119 150
184 171 34 94 217 159 82 111 204 13 26 133 59 74 148
17 182 137 76 172 69 6 96 202 110 221 131 56 43 165
188 50 79 7 35 203 177 160 99 132 225 117 28 75 149
181 138 77 3 170 124 93 200 23 53 219 41 162 115 73
152 185 65 214 9 98 130 38 179 57 86 145 27 209 120
16 63 167 211 2 139 107 33 157 80 128 191 54 207 105
61 151 46 18 136 32 186 106 78 220 12 102 208 180 135

