20 20 400
20 4 94 3 61 20 12 12 68 11 40 14 84 17 30 16 16 2 34 1 92 13 53 18 55 19 61 10 67 6 30 8 88 15 12 5 20 9 16 7 51
20 15 22 13 75 5 29 18 87 8 47 3 48 11 21 16 46 9 77 10 35 4 10 7 92 17 9 14 75 12 40 2 89 1 86 6 33 20 2 19 1
20 19 32 18 8 1 99 14 14 8 41 2 53 12 97 20 19 6 39 4 20 3 91 17 54 16 97 5 79 9 21 15 22 10 93 13 67 11 17 7 84
20 18 13 11 43 9 97 13 41 6 4 17 35 15 6 12 93 7 32 2 35 10 2 5 54 20 77 1 9 19 97 16 10 4 45 3 81 14 76 8 37
20 9 26 13 70 2 33 11 58 14 38 16 77 6 86 18 53 10 47 8 20 19 71 4 69 5 95 1 4 3 23 15 89 20 87 12 20 17 67 7 65
20 7 86 1 73 10 93 17 26 15 98 19 37 18 67 11 87 3 33 14 6 12 68 8 16 20 12 2 5 9 33 4 87 5 96 16 46 13 87 6 89
20 13 3 2 34 7 2 15 96 12 67 16 37 4 30 11 50 10 84 20 27 6 37 18 89 3 92 5 68 9 20 19 80 8 76 1 74 14 11 17 38
20 6 60 13 97 20 42 2 73 9 28 14 69 19 90 10 44 11 27 3 54 18 24 4 36 16 82 7 13 17 33 8 80 1 44 5 99 12 80 15 82
20 3 79 9 62 4 31 11 27 17 72 16 12 1 4 18 4 8 11 14 35 6 83 15 57 13 19 10 80 20 20 7 16 19 96 12 24 5 64 2 93
20 18 61 3 86 8 46 20 58 12 2 17 19 14 46 11 50 16 79 2 84 6 14 7 16 9 76 10 89 4 85 13 86 19 60 15 44 1 28 5 63
20 8 10 13 44 9 26 12 61 17 92 16 30 5 19 4 27 15 22 10 86 20 22 3 62 14 75 18 10 7 78 2 3 11 97 19 88 6 10 1 46
20 5 21 18 51 12 3 17 94 16 82 19 26 15 83 20 57 7 86 8 61 6 80 11 81 14 25 1 5 4 75 10 38 3 16 9 20 2 50 13 52
20 9 17 17 86 13 6 3 49 6 74 16 82 11 86 18 26 8 80 14 46 5 94 2 7 1 27 4 26 20 97 10 14 19 27 15 3 12 12 7 82
20 2 46 9 21 19 1 12 99 18 83 10 22 11 2 17 42 20 61 6 79 13 17 5 67 4 61 7 72 8 49 3 91 15 38 1 28 14 34 16 14
20 14 50 8 49 5 40 1 63 20 5 3 80 15 70 4 3 12 62 18 43 17 58 11 39 2 52 10 68 13 71 7 86 16 61 9 53 6 1 19 97
20 16 53 1 51 19 25 17 16 9 91 5 93 6 37 15 61 8 41 18 49 2 20 4 24 11 58 20 8 7 72 3 30 14 15 13 86 10 31 12 40
20 4 72 12 77 3 34 10 45 16 83 2 85 11 19 8 5 20 77 6 75 9 61 14 89 18 77 7 44 1 32 17 86 15 40 13 23 19 35 5 57
20 18 33 7 16 12 60 6 70 17 67 5 37 13 42 10 24 19 75 1 1 11 22 15 32 8 21 4 3 16 69 2 77 9 53 20 64 3 34 14 15
20 6 58 7 55 9 68 13 5 3 20 10 88 17 91 14 79 19 55 2 16 8 53 18 84 1 1 16 66 20 14 4 83 12 1 5 96 15 54 11 30
20 4 80 16 81 11 9 5 49 19 32 2 19 17 92 10 65 13 88 8 64 12 4 1 68 3 79 20 21 14 84 15 92 18 66 6 51 7 83 9 96

insa:
1849
302 43 102 284 167 392 350 10 74 253 94 373 157 234 335 278 138 37 199 220
122 261 83 386 46 144 326 311 190 70 9 293 252 370 114 356 216 36 239 180
182 244 161 323 365 2 286 26 150 51 109 212 133 393 95 316 276 237 78 359
381 321 1 127 163 50 312 288 208 92 273 31 152 354 254 116 195 376 235 77
221 384 23 306 283 207 346 251 272 72 93 134 54 117 158 179 18 378 340 200
141 361 245 65 344 307 87 49 270 131 191 330 171 231 15 398 299 120 219 38
342 123 101 362 315 69 192 229 274 32 154 215 296 176 334 260 399 100 20 60
201 45 282 183 25 309 249 328 90 390 169 112 353 371 230 275 156 137 16 80
81 241 203 63 262 305 363 145 162 29 331 193 115 135 55 357 298 238 19 400
103 324 366 266 129 388 148 89 210 348 71 30 294 194 174 256 14 57 236 319
62 383 84 128 247 164 267 188 5 327 27 149 313 108 292 351 232 217 59 380
343 204 223 125 322 264 185 47 4 289 68 391 111 259 35 98 178 377 159 320
121 202 82 243 142 22 64 364 389 271 347 11 173 295 318 196 119 58 338 240
281 44 85 146 187 250 6 368 170 110 213 332 395 317 34 233 279 139 79 360
124 21 105 308 67 287 209 227 352 172 96 396 258 56 277 17 198 337 160 379
301 382 126 86 246 325 206 225 28 189 166 8 53 153 355 374 118 76 297 280
242 304 224 387 104 66 186 205 268 367 345 165 7 291 52 155 33 336 99 140
341 42 61 181 222 24 265 248 88 310 107 290 132 168 151 214 12 372 333 397
41 303 385 263 147 106 226 91 349 369 75 13 257 136 177 197 218 339 40 300
143 184 3 285 48 269 130 329 314 228 211 73 113 394 255 175 375 97 358 39

