50 20 1000
20 16 37 3 64 18 15 12 52 4 71 20 38 6 53 15 70 8 76 11 76 19 61 2 10 13 51 10 59 14 12 5 74 7 61 17 52 1 68 9 19
20 11 79 19 71 15 32 2 18 10 9 7 99 6 85 17 94 12 41 20 1 1 18 5 98 4 2 3 47 16 57 18 44 8 25 14 48 9 12 13 24
20 17 50 13 55 9 25 4 24 7 43 10 64 19 40 20 37 5 30 11 71 14 64 12 13 6 33 15 26 16 42 2 64 1 55 18 76 3 17 8 8
20 9 31 13 22 7 38 20 9 5 84 6 68 15 35 3 94 12 79 17 79 19 40 11 39 1 9 18 36 10 82 14 39 2 33 8 43 16 86 4 74
20 19 17 17 73 18 55 4 30 9 28 15 35 16 72 6 30 2 50 10 3 20 84 14 72 12 4 1 73 3 54 7 15 5 64 13 43 11 10 8 80
20 8 55 4 13 13 64 17 94 11 89 19 21 7 31 5 82 10 54 20 16 16 8 12 99 1 70 18 22 3 89 6 65 15 56 14 92 9 15 2 77
20 19 41 20 4 8 42 6 81 11 82 17 56 16 79 7 97 14 47 18 91 2 48 3 86 15 28 13 80 4 89 10 91 5 44 9 67 12 67 1 53
20 16 27 14 96 9 43 20 23 7 50 12 78 4 46 1 13 19 54 10 20 17 37 2 22 3 13 13 53 8 4 5 53 15 7 11 53 6 56 18 4
20 2 28 1 83 19 63 7 76 18 2 17 11 6 16 14 55 11 78 16 55 10 77 20 32 5 27 13 46 15 17 3 45 4 40 9 94 8 10 12 12
20 19 59 3 81 18 85 1 87 6 37 2 30 14 32 10 10 11 72 12 99 8 23 7 32 13 27 15 32 4 77 16 6 9 60 17 85 5 79 20 66
20 11 89 2 8 6 85 4 49 20 54 3 13 5 32 19 33 16 53 14 76 7 83 13 75 10 29 1 79 8 65 9 50 12 37 15 18 18 36 17 46
20 12 51 15 5 7 6 3 64 10 33 5 14 1 42 2 12 9 92 8 68 19 94 14 29 20 89 16 40 17 10 18 43 4 8 6 82 13 88 11 86
20 17 7 1 85 14 12 12 56 3 61 9 6 6 77 10 64 5 40 8 13 16 86 15 38 19 89 11 98 13 42 20 93 4 86 7 97 2 33 18 22
20 8 86 1 45 14 99 6 80 15 8 10 76 4 42 16 14 5 81 9 85 12 88 13 16 20 48 18 23 17 27 3 49 2 42 7 5 11 61 19 26
20 4 36 12 60 11 80 7 34 9 30 6 53 18 91 10 2 15 89 13 31 3 61 17 35 19 69 8 28 2 16 16 70 20 88 5 1 14 97 1 33
20 14 48 15 21 18 64 12 50 17 79 6 26 3 20 4 11 7 16 2 3 19 61 10 29 16 97 13 66 1 98 5 51 20 54 9 50 11 96 8 33
20 9 61 14 16 11 30 8 30 10 96 13 35 3 20 15 63 7 61 19 15 12 45 2 63 5 66 20 61 18 70 4 75 1 89 17 97 6 17 16 60
20 8 78 17 41 3 9 7 8 4 26 6 69 2 55 1 30 10 7 14 27 15 59 13 33 19 18 5 77 11 57 12 90 16 24 20 41 18 6 9 71
20 18 61 8 27 2 46 17 30 19 46 10 15 11 24 12 99 7 44 3 1 16 16 6 11 4 15 20 38 15 54 13 13 5 73 14 68 9 85 1 54
20 13 14 7 33 17 65 12 97 9 74 15 55 1 18 20 76 2 74 3 70 11 78 4 15 19 40 18 22 8 56 10 68 14 31 6 53 16 19 5 89
20 14 61 4 97 8 92 2 64 7 89 20 51 17 68 12 83 15 21 18 5 3 5 19 85 5 67 11 94 9 97 16 71 1 39 6 58 10 30 13 82
20 2 82 13 20 19 82 6 14 20 71 3 91 15 61 18 19 11 67 4 78 10 53 5 56 14 40 12 51 1 46 7 95 16 38 8 12 9 9 17 90
20 7 97 5 90 9 34 12 99 18 28 14 84 6 65 13 57 2 29 10 87 16 13 11 23 3 51 1 88 20 36 4 7 17 34 19 18 15 59 8 96
20 5 19 8 85 6 91 20 30 13 69 10 2 16 96 2 21 18 81 7 32 17 79 19 46 15 92 1 88 14 3 4 20 11 53 12 21 3 57 9 20
20 11 9 3 5 1 50 14 26 5 67 17 64 13 34 2 73 8 29 16 56 6 7 10 70 4 54 7 47 19 82 15 30 18 17 9 92 12 2 20 23
20 12 41 15 79 8 72 17 88 4 1 11 64 7 99 14 32 5 55 3 80 1 28 16 87 6 65 19 36 2 72 10 5 18 13 9 56 13 32 20 72
20 5 56 17 85 9 52 4 64 1 60 18 81 6 44 13 43 3 9 8 4 10 61 19 24 15 62 11 56 14 17 20 9 12 29 7 45 2 63 16 7
20 17 64 6 68 8 94 11 46 9 16 18 10 15 81 1 19 14 91 19 75 16 95 13 21 2 50 7 82 12 2 20 73 3 55 5 93 10 39 4 35
20 13 69 9 65 8 25 18 51 3 28 5 76 10 1 19 3 2 6 6 74 11 11 14 59 12 91 20 10 1 35 16 8 15 27 17 35 7 28 4 97
20 16 41 4 45 17 53 20 13 7 92 12 56 9 42 1 48 13 67 6 97 10 80 5 57 19 80 2 10 8 90 14 26 3 68 11 35 18 84 15 99
20 14 43 10 68 2 28 1 76 9 32 12 20 6 89 11 28 18 46 19 17 17 41 3 32 15 37 20 32 5 48 4 47 8 32 7 2 13 26 16 37
20 12 83 17 8 5 5 18 24 19 69 7 69 4 93 14 54 13 90 20 15 15 63 16 71 2 84 8 78 1 62 6 84 10 99 11 82 9 30 3 51
20 2 69 4 64 10 75 1 23 6 93 18 48 9 11 8 18 14 89 12 96 19 70 11 99 17 52 5 70 7 23 3 85 13 50 20 81 16 17 15 5
20 16 87 1 55 11 48 5 85 3 17 9 79 7 73 13 19 14 22 8 37 19 12 4 19 17 9 12 5 15 4 6 85 20 88 18 46 2 10 10 4
20 8 86 4 36 14 90 2 63 13 48 3 4 10 15 16 15 9 15 15 39 7 73 11 89 12 58 5 80 1 71 19 54 6 25 17 41 18 84 20 73
20 19 42 7 48 4 88 10 71 11 68 14 25 13 33 6 88 8 62 20 51 16 49 2 76 9 22 18 47 12 63 5 61 1 16 15 10 3 94 17 47
20 16 32 14 41 5 99 1 48 3 82 11 52 4 46 9 67 20 63 10 16 18 24 12 32 19 88 7 74 2 13 8 24 6 82 17 28 13 74 15 14
20 8 56 20 60 19 70 17 93 9 22 13 62 5 50 7 2 1 15 15 99 10 20 3 45 16 6 6 81 4 13 2 51 14 12 11 12 12 55 18 35
20 18 46 8 12 20 92 17 23 3 99 14 11 19 99 12 88 1 22 2 18 4 29 11 53 16 56 7 56 10 43 5 53 9 10 13 41 15 61 6 12
20 10 49 19 48 3 25 5 40 2 20 11 10 18 96 6 8 1 48 9 91 4 88 16 30 13 90 7 53 17 25 12 32 20 43 8 50 15 3 14 4
20 8 90 19 42 2 20 10 12 6 61 14 89 17 2 12 57 20 26 15 77 3 32 16 41 4 89 18 45 9 55 13 37 7 66 5 11 1 1 11 55
20 6 22 5 39 11 26 17 85 8 61 2 54 3 27 12 25 1 31 14 47 9 54 15 16 7 77 20 29 4 71 19 24 10 86 18 68 16 21 13 40
20 3 63 14 25 11 19 7 97 2 61 16 71 19 76 8 52 13 18 20 27 12 97 4 74 6 16 17 10 1 72 15 61 9 48 18 96 5 83 10 98
20 3 14 14 23 18 81 1 53 20 83 8 93 13 86 7 45 11 71 4 9 2 94 19 91 5 90 12 34 17 75 9 1 15 73 6 83 16 75 10 68
20 8 18 6 64 15 22 17 33 2 9 18 57 16 42 7 1 9 9 13 45 5 20 19 24 3 68 12 86 20 59 11 90 1 56 10 41 14 39 4 43
20 12 45 17 67 3 45 8 18 20 69 4 26 15 38 5 1 7 71 9 64 6 29 18 77 11 50 16 23 13 24 14 67 10 80 2 89 1 96 19 21
20 3 39 16 45 5 60 19 65 4 67 13 91 7 99 10 96 20 3 9 11 6 1 1 14 14 94 11 9 8 13 12 82 15 8 17 58 18 13 2 76
20 19 57 18 50 20 55 2 54 4 46 15 52 14 44 16 3 9 71 1 80 6 7 8 66 11 25 13 5 5 44 12 44 10 76 7 83 3 38 17 94
20 18 69 5 32 7 47 17 61 16 71 12 39 13 56 9 69 11 32 2 60 3 22 4 68 8 18 14 9 15 76 6 44 1 39 10 22 19 16 20 95
20 8 48 16 92 7 62 4 48 13 93 10 27 9 80 1 48 3 85 19 62 18 24 12 67 11 88 17 29 6 5 5 3 14 77 15 47 2 13 20 60

insa:
3347
242 483 864 184 162 662 262 644 387 227 829 588 604 548 950 789 988 724 525 769 749 695 348 94 315 73 57 113 148 435 511 977 635 855 337 932 454 31 214 474 417 897 575 717 300 919 819 19 140 380
421 161 641 944 363 785 684 186 24 569 228 845 803 885 826 603 488 389 404 332 202 449 310 89 770 871 347 295 131 970 468 56 12 633 756 553 152 712 77 539 918 594 515 735 999 277 679 940 120 259
861 482 921 841 182 224 765 783 426 565 245 686 2 327 827 370 68 903 665 390 307 291 343 893 206 411 725 752 989 971 95 529 132 510 612 453 153 59 115 811 176 656 557 276 34 597 959 719 479 640
281 582 44 102 682 642 402 945 703 984 5 373 84 925 906 524 308 493 392 267 627 204 345 835 870 430 505 771 755 727 972 672 147 791 852 336 195 135 237 177 456 813 33 476 616 257 80 580 900 560
822 923 442 623 65 485 784 226 521 566 723 49 664 962 249 461 108 908 891 333 955 377 747 269 207 694 432 413 873 173 316 509 97 16 654 298 592 615 156 354 996 32 137 776 716 400 859 818 558 199
821 542 124 424 882 185 286 66 645 788 247 805 447 372 7 570 264 951 491 167 306 463 88 203 911 53 708 346 590 527 754 398 27 607 697 676 976 853 636 513 931 116 995 238 878 418 737 339 159 780
441 223 382 63 702 844 284 45 983 585 26 107 691 369 329 963 164 405 888 626 309 909 833 494 868 344 748 128 145 667 507 96 927 211 192 470 554 17 655 538 436 774 794 734 958 817 618 278 579 258
881 981 762 123 101 741 681 563 324 362 261 503 801 825 543 648 230 403 250 904 489 462 866 952 341 395 9 848 709 294 670 530 973 191 634 155 60 78 100 935 595 438 736 215 617 179 320 798 37 460
61 321 43 562 443 385 285 246 689 229 647 587 949 545 987 85 831 523 745 889 666 790 910 143 605 968 728 270 498 379 415 930 713 857 318 197 876 178 815 439 777 518 138 216 639 119 20 360 39 480
781 225 46 643 366 25 687 567 325 602 804 704 248 986 188 288 109 492 266 450 90 957 466 312 396 751 431 837 349 171 531 14 730 75 150 591 213 928 917 136 775 978 637 516 898 680 419 880 860 559
481 21 823 323 843 283 125 201 786 663 367 105 429 544 50 705 189 692 391 953 169 452 869 254 10 969 506 726 72 913 772 652 608 758 414 534 993 571 158 99 355 934 896 319 477 638 598 279 820 240
501 221 621 282 244 384 901 444 586 368 4 828 768 331 304 69 650 190 52 956 408 693 966 606 93 851 808 146 112 674 434 732 874 499 759 992 555 537 29 894 271 715 796 573 936 356 478 217 139 180
381 62 42 422 561 103 685 326 487 985 589 448 707 890 867 954 376 290 746 465 629 967 849 926 668 314 528 352 13 255 552 134 212 193 915 793 154 174 98 272 657 239 778 816 840 619 519 420 739 40
862 601 243 322 842 722 484 301 401 683 766 187 263 947 446 649 830 706 142 549 168 51 232 628 378 92 129 397 806 350 669 210 508 433 974 15 757 535 916 572 76 933 997 299 475 596 118 899 38 800
222 502 302 883 386 23 427 690 946 328 67 547 8 86 252 265 832 907 289 375 409 750 54 631 496 351 675 133 975 533 194 613 810 856 175 157 473 877 998 937 577 718 117 779 799 218 459 660 600 740
581 922 721 982 661 1 688 141 846 948 127 371 251 490 887 87 268 451 170 965 467 313 753 111 55 209 632 296 551 914 234 792 711 512 773 399 196 812 416 79 437 540 839 576 35 879 357 659 620 340
241 41 541 82 622 383 764 583 824 364 104 126 486 884 902 504 522 744 166 305 407 964 342 292 70 807 673 698 235 653 611 854 151 28 471 994 875 18 795 457 198 275 338 938 578 738 440 960 220 720
761 863 942 183 624 361 564 787 445 287 3 428 646 961 303 546 83 886 165 335 394 912 410 526 130 497 469 74 731 609 991 58 699 114 760 714 236 858 274 814 838 517 678 36 939 599 359 219 160 260
81 121 181 941 701 423 782 625 22 365 47 924 568 802 106 767 163 743 330 847 231 253 892 550 393 311 495 293 836 208 412 872 71 11 671 651 696 532 990 149 610 353 514 472 593 733 979 458 920 280
122 763 64 943 425 584 742 865 388 48 6 905 374 406 334 464 91 834 205 144 630 110 850 233 710 172 809 729 297 256 500 317 536 614 700 929 30 556 895 455 273 677 797 574 980 658 358 1000 520 200

