100 20 2000
20 9 53 11 40 6 82 1 42 8 98 3 86 15 50 13 57 4 28 16 7 19 13 10 24 12 61 17 54 5 97 14 92 20 86 18 5 7 32 2 11
20 4 44 5 50 7 39 11 81 17 51 6 92 14 65 19 20 2 75 1 60 15 95 10 28 16 14 8 28 18 54 13 55 9 91 3 3 12 28 20 93
20 1 52 9 67 14 64 6 83 3 37 10 21 19 10 2 62 15 74 7 86 18 71 16 43 4 24 20 5 13 78 11 10 8 40 5 51 17 89 12 54
20 13 74 10 86 15 71 20 80 17 21 3 14 1 49 7 16 2 26 14 34 18 2 9 17 8 47 6 68 11 21 16 8 5 8 12 51 4 21 19 71
20 10 89 18 50 13 80 19 88 14 16 9 58 16 20 11 32 7 42 15 89 20 79 5 87 6 73 3 74 1 17 12 53 8 81 4 85 17 55 2 57
20 12 73 6 5 19 26 1 57 10 45 17 40 20 46 16 15 5 79 8 48 9 20 4 69 18 16 14 29 3 48 2 38 15 6 11 18 13 62 7 86
20 8 57 4 89 10 91 11 96 14 66 20 49 7 88 15 62 6 86 17 80 1 13 2 58 3 81 19 70 5 48 18 61 9 12 13 69 16 76 12 23
20 5 30 6 65 10 26 19 60 11 38 9 66 12 76 1 85 17 39 14 96 13 19 15 75 20 5 8 91 16 14 3 46 2 27 18 69 7 95 4 3
20 18 1 5 99 9 97 4 17 8 51 14 63 13 82 15 79 10 60 1 61 6 92 11 58 16 13 20 2 3 3 2 74 7 43 17 34 19 6 12 1
20 1 18 9 77 20 12 19 36 14 64 8 35 18 66 4 86 16 98 7 54 3 11 15 41 10 15 5 87 17 76 6 33 12 85 13 12 2 1 11 62
20 11 29 13 17 2 21 7 93 3 39 6 48 1 46 14 60 17 9 18 61 4 43 19 47 9 47 16 92 12 2 8 77 15 58 5 71 20 16 10 50
20 7 91 8 42 6 32 11 96 2 58 4 24 19 56 3 63 16 74 17 1 5 42 15 84 1 56 12 44 14 58 10 1 9 5 20 53 18 44 13 52
20 19 48 3 16 5 37 16 60 8 54 6 32 12 69 4 25 14 48 7 72 1 77 10 29 18 64 17 10 2 53 20 90 9 71 15 84 13 82 11 93
20 18 23 14 28 15 99 20 49 1 79 5 7 10 32 7 89 6 12 2 22 9 54 13 88 19 69 8 65 4 95 12 84 11 32 17 64 16 33 3 55
20 16 97 2 49 14 11 9 79 20 86 18 67 7 51 3 80 10 29 1 75 15 64 8 59 5 92 6 85 17 92 19 3 11 94 4 69 12 34 13 27
20 9 75 13 20 6 87 3 67 20 70 1 23 16 93 15 31 5 72 19 16 12 36 2 5 18 59 4 75 10 85 11 24 17 29 8 5 14 47 7 1
20 15 24 7 13 17 27 10 21 12 29 13 19 14 91 5 37 3 93 16 76 20 75 18 15 6 70 19 70 4 91 11 57 8 18 2 8 1 29 9 73
20 13 16 3 15 14 76 17 1 12 93 19 87 20 60 18 67 16 27 8 91 2 45 9 28 4 7 1 68 5 97 15 6 11 50 7 71 10 52 6 99
20 15 81 7 53 10 16 19 88 4 16 14 3 3 49 16 62 20 26 18 26 13 43 6 31 2 75 8 35 1 72 11 37 5 79 9 94 12 94 17 7
20 15 93 20 21 6 92 4 60 13 42 16 9 17 93 14 68 10 28 19 29 11 45 2 94 8 97 18 78 1 5 5 66 12 85 3 39 9 18 7 80
20 12 43 8 33 15 21 14 63 4 56 18 90 10 12 9 12 1 79 6 51 5 99 20 98 7 68 16 8 11 61 17 41 3 58 13 8 2 42 19 9
20 8 66 19 83 18 38 1 40 2 57 17 62 13 31 10 21 15 88 7 59 9 82 4 96 5 69 16 11 3 49 20 1 14 56 6 97 12 21 11 26
20 2 53 6 12 17 91 4 86 18 66 3 85 16 2 7 78 5 23 10 28 12 16 9 35 14 55 11 35 15 51 13 3 19 25 1 54 8 6 20 10
20 2 10 1 63 17 3 11 67 9 82 15 12 3 99 18 57 7 70 6 67 12 82 14 37 5 16 10 47 16 90 13 71 8 74 20 75 4 31 19 69
20 15 86 1 17 6 1 19 39 11 42 8 35 18 85 14 35 3 93 20 48 7 22 16 76 4 25 17 42 12 65 2 3 13 79 10 95 5 59 9 24
20 11 83 8 72 15 50 7 93 14 8 12 7 16 79 10 57 5 95 9 68 20 67 13 15 17 58 2 2 6 34 4 95 1 72 19 96 18 30 3 26
20 1 11 6 22 11 81 3 63 2 95 9 2 10 22 5 81 13 2 7 91 12 7 19 36 4 27 8 87 14 54 17 24 20 4 18 94 15 7 16 26
20 19 11 18 21 17 46 9 91 20 30 7 18 11 37 15 35 3 4 16 64 8 9 10 57 4 51 5 41 1 90 13 24 2 28 12 94 14 80 6 32
20 19 17 8 40 7 44 15 72 6 41 9 31 17 86 20 7 4 60 3 41 18 11 5 36 2 20 14 23 1 81 16 27 11 53 13 8 12 96 10 77
20 20 39 2 40 12 37 18 70 8 13 4 43 5 36 7 81 19 55 17 4 16 60 10 20 13 31 6 66 1 9 9 22 11 6 3 84 14 94 15 15
20 3 52 14 12 6 1 17 32 1 52 12 6 8 9 18 6 10 18 16 97 19 82 7 12 15 62 4 43 20 88 11 4 13 8 9 89 2 49 5 27
20 11 69 5 98 6 43 1 94 9 71 10 82 2 42 7 91 18 20 14 52 8 45 17 58 12 1 4 19 20 7 15 9 13 83 19 93 16 62 3 68
20 18 6 11 78 13 55 8 62 20 1 3 33 16 26 10 20 1 21 12 99 4 8 6 91 9 76 15 52 5 33 2 15 17 72 7 34 19 34 14 96
20 16 49 3 20 17 54 7 34 5 43 9 28 15 59 2 63 12 95 14 32 18 23 13 28 19 47 8 45 10 28 1 46 20 25 6 53 11 18 4 53
20 7 41 5 13 6 43 19 8 8 98 10 75 1 71 16 60 18 20 2 15 12 11 13 65 4 56 3 89 11 48 14 83 17 76 20 82 9 52 15 26
20 6 40 15 20 1 63 9 10 12 23 7 79 5 71 16 12 17 43 4 15 14 62 3 19 20 4 10 46 8 70 19 87 18 45 2 24 11 30 13 76
20 16 37 7 58 3 5 13 29 2 20 10 24 5 40 18 34 6 53 4 72 11 12 1 26 19 12 15 40 14 74 9 29 17 43 12 42 8 12 20 43
20 7 62 10 35 3 62 1 20 11 17 12 44 9 94 19 6 14 83 8 85 4 14 15 71 16 5 17 7 5 53 18 43 20 2 13 11 2 18 6 89
20 1 68 2 94 8 87 10 34 13 10 3 76 7 29 17 41 6 30 4 58 20 34 11 83 5 15 14 30 9 28 16 24 18 40 12 1 19 72 15 82
20 3 55 19 9 9 85 1 74 4 6 6 16 10 5 16 24 8 12 12 33 5 30 17 34 11 34 15 17 13 75 7 38 2 49 18 78 20 19 14 35
20 8 51 6 40 12 28 3 84 9 78 16 93 13 39 19 14 15 57 18 52 4 94 17 10 11 35 2 97 1 93 20 87 10 47 7 27 5 18 14 24
20 16 43 17 9 8 63 4 11 10 26 2 42 18 53 1 42 15 8 9 7 3 77 11 97 20 43 7 52 12 32 14 23 19 32 5 50 13 99 6 83
20 4 51 14 16 17 83 11 33 3 90 1 24 16 21 18 95 5 11 6 56 9 21 8 37 10 72 12 5 19 94 20 28 15 26 13 67 2 52 7 95
20 8 82 9 72 4 62 20 61 2 22 13 18 12 66 3 28 6 88 1 48 17 87 19 41 15 78 18 70 16 2 5 15 7 13 10 25 14 44 11 62
20 2 28 20 24 13 56 9 77 11 21 15 46 12 30 10 89 3 56 19 71 1 23 6 31 14 26 8 76 7 70 16 93 5 86 18 74 17 79 4 57
20 17 40 15 72 11 96 12 52 10 4 18 17 14 25 19 92 13 67 3 77 2 62 5 11 1 3 9 75 16 21 6 79 4 90 8 70 20 40 7 51
20 8 7 16 7 12 2 2 61 14 34 4 46 15 7 10 22 5 36 11 36 7 11 9 95 3 11 19 69 13 8 20 56 6 33 1 69 18 87 17 58
20 9 31 2 11 11 5 4 15 13 51 18 76 16 1 8 51 17 30 10 36 5 17 6 52 20 61 12 9 3 80 7 10 14 75 1 66 19 32 15 14
20 10 84 19 94 5 61 15 90 13 9 6 72 7 66 9 5 18 76 11 41 3 87 16 80 4 50 20 45 2 95 12 12 8 32 1 52 17 28 14 75
20 6 60 9 21 15 60 11 52 13 42 1 47 5 77 12 93 3 27 2 62 14 24 16 37 18 4 20 75 17 56 10 16 19 76 7 64 8 85 4 11
20 4 21 16 10 10 87 6 47 19 40 8 45 2 48 18 27 13 63 1 29 7 36 20 25 12 74 15 19 5 20 9 78 17 51 14 32 11 69 3 23
20 16 71 14 7 2 64 8 53 1 89 5 39 18 86 10 2 20 92 6 5 19 52 12 63 17 27 15 75 9 46 4 3 7 98 3 82 13 6 11 70
20 13 51 10 89 9 36 3 84 19 95 2 12 20 97 5 75 11 57 1 79 14 91 18 77 16 17 17 86 7 58 12 43 4 15 15 90 8 28 6 45
20 18 3 19 31 15 71 9 51 13 6 6 37 12 4 3 81 2 98 16 97 8 58 17 19 11 84 7 3 14 96 10 50 1 21 4 86 5 44 20 76
20 6 66 13 9 17 32 12 78 1 20 9 69 11 46 5 1 8 93 4 81 3 18 14 64 18 40 2 39 15 86 16 92 19 69 20 69 10 17 7 11
20 20 98 12 80 3 8 4 98 15 56 11 47 2 26 13 30 10 49 7 55 19 75 14 66 6 44 9 12 8 60 18 81 1 82 16 38 17 29 5 72
20 10 55 9 18 5 32 2 78 6 95 13 40 17 79 20 35 4 41 11 40 16 65 15 89 3 16 7 20 12 86 19 59 14 49 1 86 8 36 18 25
20 13 6 17 51 3 26 19 59 4 20 6 65 5 50 12 99 14 96 15 62 11 47 2 89 10 39 7 68 18 28 16 70 8 29 1 71 9 94 20 79
20 18 51 3 73 6 20 12 26 17 11 13 46 15 35 4 87 16 84 14 95 5 84 2 97 7 50 10 10 19 99 11 97 8 86 1 83 20 27 9 84
20 19 58 14 24 2 99 4 80 1 78 15 10 13 53 7 10 12 99 9 85 16 80 17 7 8 24 20 66 10 92 11 74 5 98 3 9 18 30 6 28
20 8 9 7 88 17 56 1 23 3 92 6 38 20 88 16 64 2 71 11 59 9 11 15 32 19 71 5 62 4 27 14 20 10 54 12 43 13 2 18 73
20 18 69 9 47 20 60 14 75 10 13 17 22 8 16 1 60 4 87 19 80 11 33 3 14 2 59 7 99 12 97 15 55 5 3 16 40 6 30 13 36
20 2 56 11 2 8 31 1 70 16 92 17 87 18 49 10 25 14 5 6 42 3 66 4 18 7 1 12 43 13 32 15 46 9 48 19 20 20 11 5 23
20 10 29 15 22 18 17 19 19 14 35 13 28 5 19 16 29 8 80 4 59 6 86 20 95 1 36 7 79 2 82 12 89 9 72 17 27 3 86 11 4
20 2 76 10 31 5 93 6 64 8 87 9 84 16 62 14 41 13 6 11 36 4 12 1 18 15 68 20 96 3 90 7 34 17 67 19 61 12 73 18 64
20 2 41 9 28 17 39 20 34 10 36 3 13 13 95 18 12 1 10 11 30 6 34 4 92 12 14 19 15 16 10 5 98 7 75 14 62 15 12 8 88
20 17 9 6 83 7 93 10 98 9 33 16 81 8 40 18 18 2 96 11 52 3 51 15 99 1 34 19 46 13 30 14 55 4 44 5 32 12 71 20 10
20 16 83 19 66 17 20 20 22 3 73 15 76 7 59 8 74 6 23 13 90 4 53 1 11 12 43 18 88 2 76 9 65 10 44 11 52 14 25 5 54
20 13 78 19 91 16 41 12 54 9 68 8 60 4 94 2 3 3 38 6 22 18 33 17 37 11 76 15 31 14 24 10 46 5 20 20 69 1 53 7 57
20 13 80 11 12 5 46 3 5 6 20 8 42 10 66 12 32 20 43 19 58 15 63 18 89 16 54 4 79 1 28 14 42 9 90 7 6 2 66 17 29
20 16 63 9 56 5 43 15 33 20 10 14 53 6 2 18 24 2 6 1 61 10 14 4 92 12 27 7 82 11 63 8 2 13 27 19 25 17 51 3 91
20 13 23 4 62 7 44 11 32 19 69 15 86 12 24 16 42 1 31 18 35 2 24 14 34 5 12 10 35 20 51 6 73 3 5 17 12 8 52 9 13
20 15 53 5 67 3 91 11 63 18 97 7 83 1 51 8 55 20 14 2 78 12 17 4 74 17 9 16 63 9 22 14 71 13 41 10 81 19 54 6 46
20 18 28 19 16 10 12 5 30 6 97 3 86 9 9 14 65 7 51 16 30 13 15 4 41 15 91 2 46 1 18 8 21 17 89 12 2 11 77 20 78
20 13 91 12 33 4 84 2 79 1 4 19 7 9 49 17 45 15 9 20 69 14 86 11 94 10 90 5 24 18 21 6 15 3 38 8 28 7 26 16 60
20 18 94 12 47 3 96 15 70 20 51 11 93 4 64 7 24 9 45 10 36 14 62 1 91 16 18 2 38 17 47 6 98 8 51 13 12 5 26 19 51
20 19 50 20 74 4 34 18 45 2 33 6 50 5 69 11 14 3 89 8 86 13 57 15 17 10 80 16 32 9 72 12 33 14 51 17 31 7 43 1 65
20 12 14 1 4 14 22 15 27 20 58 4 12 8 92 5 27 7 24 11 13 3 8 6 55 9 66 13 81 10 12 18 13 16 57 17 77 19 25 2 99
20 8 99 18 84 4 72 10 79 5 72 9 47 20 47 16 92 15 49 3 49 1 43 12 33 14 30 17 16 11 35 6 2 13 47 7 59 2 44 19 98
20 12 1 18 75 10 2 2 26 11 20 13 54 5 63 1 31 14 44 7 98 20 73 6 41 3 52 8 81 4 30 15 57 17 25 9 70 16 58 19 83
20 16 21 1 15 3 60 10 30 4 50 8 31 7 17 13 34 18 15 5 98 20 77 15 57 19 58 6 40 12 21 2 25 17 41 9 78 11 44 14 26
20 13 14 17 31 11 86 14 68 8 69 20 71 3 44 7 10 2 76 16 82 12 54 1 40 6 46 10 47 5 42 18 86 4 62 19 41 9 27 15 12
20 20 18 6 46 11 22 16 66 9 5 8 12 7 27 2 82 15 24 10 60 17 10 1 93 12 54 13 10 18 60 19 14 4 16 3 48 14 18 5 82
20 11 84 14 15 10 59 15 45 19 63 6 71 20 86 16 2 4 42 9 46 7 39 5 9 8 7 2 32 18 78 12 12 13 78 1 68 3 77 17 90
20 3 33 16 2 12 35 15 91 9 49 17 21 20 29 8 60 5 88 2 71 1 14 13 6 10 40 14 53 19 2 7 88 6 38 11 7 18 43 4 34
20 5 16 3 95 4 2 16 88 9 45 12 93 19 77 18 10 17 71 13 69 2 33 14 22 15 54 20 56 6 31 8 18 1 63 11 82 7 98 10 70
20 13 15 1 42 5 44 9 80 20 15 7 24 6 76 11 71 10 38 16 27 8 48 19 38 4 73 15 42 3 8 14 52 12 20 18 40 17 51 2 99
20 14 46 16 3 20 82 6 20 5 1 8 45 19 79 17 70 4 46 12 48 13 63 3 87 10 47 1 43 11 1 2 48 15 65 9 11 18 25 7 9
20 15 12 14 17 17 55 9 75 7 56 11 89 12 6 1 46 10 22 16 44 18 2 19 14 8 36 2 96 4 6 5 37 20 62 6 94 13 77 3 14
20 7 37 4 28 13 16 14 80 3 10 16 90 1 5 11 17 20 28 19 40 10 76 2 30 8 52 18 77 5 15 6 50 12 99 17 99 9 64 15 63
20 3 88 15 4 10 26 7 9 5 81 17 47 12 82 9 52 13 65 14 63 2 37 19 59 1 78 8 51 18 75 4 24 16 77 6 28 20 97 11 98
20 17 79 9 7 10 25 13 92 19 8 12 90 14 82 6 9 5 53 20 95 7 51 2 54 18 29 16 86 8 7 3 58 4 66 1 84 11 42 15 10
20 16 5 17 52 12 70 19 59 15 10 11 88 6 56 1 55 8 73 4 65 7 66 9 17 10 5 13 22 2 40 18 42 3 1 5 51 20 95 14 28
20 15 30 13 62 7 46 9 14 5 62 17 16 6 24 20 17 16 70 12 66 18 57 2 55 3 79 10 99 14 27 19 17 4 75 8 6 1 14 11 61
20 11 71 12 22 15 68 13 74 5 39 10 68 6 28 19 7 18 67 4 7 2 92 8 45 17 67 14 35 7 70 1 52 3 65 9 99 20 21 16 51
20 17 5 7 73 4 10 16 75 8 16 5 70 13 39 10 62 9 65 14 99 3 57 11 7 2 54 20 52 15 47 1 43 19 1 6 65 12 88 18 36
20 6 30 20 82 9 82 5 54 1 94 2 28 15 75 19 1 14 84 8 61 18 17 12 45 3 72 7 58 4 78 11 63 16 50 10 77 17 8 13 25
20 10 17 7 78 17 20 5 92 20 57 6 95 19 25 12 44 14 8 16 93 2 21 3 21 8 47 9 38 4 33 15 48 18 39 13 69 1 15 11 70
20 5 2 7 4 6 44 8 38 9 93 1 94 18 93 10 18 14 38 20 66 13 38 15 60 12 87 17 49 2 52 4 72 11 12 3 5 19 21 16 6
20 18 63 15 21 3 21 13 53 8 79 10 10 9 13 6 45 17 63 19 39 1 38 4 50 14 80 16 45 20 84 5 2 12 29 7 31 2 27 11 96

insa:
6040
521 41 1542 462 761 181 1602 104 1025 424 828 1485 624 986 1244 703 744 482 1991 1309 732 1722 4 265 1085 605 1429 1410 1185 1768 1787 409 1228 1925 306 1966 649 207 555 148 595 1447 251 1204 846 1588 1050 891 1678 30 1813 290 375 1879 1292 1916 354 1717 784 1010 1848 1896 870 575 131 170 1273 913 67 1395 938 395 1475 1512 1652 1632 95 815 687 1691 1379 1158 1754 676 1077 517 1352 339 1117 1571 1333 233 1959 1138 458 1178 958 978 1838 1540
461 1241 881 582 1281 1023 762 826 725 1183 942 1124 1484 425 1301 282 924 668 1648 525 1409 1046 48 1525 441 203 1872 1431 270 1069 1329 1926 990 1674 1107 29 116 1629 1368 1584 392 1811 373 1172 865 718 1891 1913 1711 351 1152 573 814 312 1450 1007 627 557 1792 225 255 911 132 1855 69 1474 1233 1275 1209 514 1399 1690 1514 690 656 797 1774 1756 199 1951 619 1832 338 759 1616 1094 176 1999 157 1975 496 1355 100 975 1579 859 1560 419 20 1740
601 342 1702 1162 662 1143 723 242 1681 1801 1785 1983 804 1103 1068 831 1044 743 524 1306 45 549 304 1603 367 766 646 1443 1627 1873 1384 288 712 1503 989 205 115 467 781 889 1369 1466 1551 845 1911 1331 868 598 570 933 1679 910 6 1752 1133 1205 1232 1437 66 1897 1345 228 329 1933 1593 191 133 94 175 398 1091 1529 1857 489 38 435 446 971 280 1952 694 1658 1570 1251 1295 156 1497 955 1038 1735 520 640 1198 1836 1978 1020 417 1279 1780 1420
21 841 1782 1422 1703 1903 824 122 405 1483 586 1145 1546 944 1001 1523 1563 1168 248 384 1184 730 365 1992 188 1605 1104 1749 710 1669 553 112 1412 1129 1312 164 53 1229 1367 614 1270 863 926 1890 770 569 811 444 1507 651 1877 1291 353 432 314 1452 785 1816 1472 9 226 1850 1394 275 1036 1935 1090 516 634 751 479 335 211 1595 1657 693 1775 1351 79 917 1215 1955 493 533 1078 1252 1733 98 973 1337 1057 680 1637 1976 1837 298 1700 160 900 1000
1701 141 1961 682 22 1123 622 1283 243 1745 727 665 1865 587 1906 1805 1403 1464 1267 1147 987 963 162 109 1442 1829 266 707 1885 1944 1383 1433 1026 1924 951 554 1610 1672 1565 1048 509 1171 1548 1088 411 1587 1996 929 309 328 1723 773 1316 572 1377 58 293 473 377 849 92 912 791 528 1527 396 1689 194 1795 355 876 433 655 1635 1858 135 15 77 1776 755 1214 449 231 1494 1015 897 838 819 620 1079 1120 1338 1197 1660 1519 218 1237 499 1260 1360
1921 522 701 142 102 802 683 1163 1066 1642 1744 981 623 1081 1322 729 603 1867 1146 3 246 383 1666 1988 1407 44 303 483 1828 1963 1465 1125 442 26 269 1311 1284 769 1004 1385 1526 410 1887 952 206 372 223 565 1030 594 1552 1370 966 1271 470 892 869 1946 129 652 1715 1918 1847 786 1206 1436 294 850 93 171 937 1592 1727 1113 1633 515 333 1349 196 74 916 1796 1250 1818 560 1614 678 1496 760 1516 438 1576 840 1697 1778 1200 360 1239 1060 1460
681 322 1781 1902 722 1202 664 1423 1863 563 1942 1323 1804 23 741 546 1647 1765 588 504 362 1962 706 221 268 767 50 287 1607 250 204 1671 1628 612 127 430 1446 1549 469 89 1188 1110 931 1173 1469 967 1831 120 1508 1590 1154 895 1134 1895 1011 1317 1726 628 998 1851 1274 68 1414 190 1934 1347 1074 530 1398 1234 877 400 796 320 1037 358 491 448 834 1998 1719 818 413 1253 177 1055 1296 658 956 1380 1578 1696 1760 1499 920 159 19 1539 860 1100
921 1201 801 402 1243 121 421 823 562 861 585 1024 1561 1905 186 1746 245 1646 502 1985 685 763 948 644 1625 551 1964 607 1327 110 1606 222 1366 1227 5 1386 1285 1673 1269 715 165 1547 486 1089 1448 350 374 1773 1892 1006 393 1878 894 1716 1814 57 1193 292 274 789 1071 1849 34 1930 1793 1688 318 852 674 631 1476 1416 1439 73 1157 1348 477 750 1115 1594 1731 1953 337 97 1530 154 534 1177 216 918 459 1498 1835 739 977 1517 1059 1139 999 1320
1 301 1122 1064 42 1822 1043 182 982 1864 941 146 1764 666 544 1645 830 1402 1487 1302 1705 1987 884 704 625 1222 1365 284 1325 408 1909 465 805 1086 1923 111 1670 271 1965 163 1808 862 86 566 526 1566 596 1467 747 1286 431 783 932 968 775 352 1190 510 1509 1685 1553 653 1724 1455 1852 851 618 736 1035 257 72 914 1397 378 1211 399 1114 37 1898 1159 213 1954 1598 452 1277 1016 137 340 237 1257 1535 1758 1356 1799 1618 1440 1639 699 500 1180
1121 961 324 143 1042 1282 825 1941 1823 726 1663 1463 81 1803 1261 105 1324 1908 407 742 1986 1564 1305 123 764 950 363 46 888 626 1604 267 428 552 1225 609 1411 1003 62 1434 1886 1028 508 389 905 714 648 592 686 1791 1874 1583 1387 1769 928 1109 289 527 252 1174 1153 1376 1510 32 1650 787 996 474 169 12 315 1853 853 193 1968 675 1555 1753 1729 1076 1634 878 1248 1693 1938 1493 1195 450 817 359 1217 1533 236 1720 1458 1357 498 580 220 1099
621 1242 2 1661 145 464 1643 501 1424 984 943 1881 642 523 24 1623 885 547 903 731 1766 124 1310 201 1382 1788 745 844 485 1444 1151 391 1106 1087 1330 118 1049 1130 1585 1550 88 597 56 1912 930 719 772 1506 813 1373 1290 376 1880 1846 970 1231 224 616 1718 1073 316 832 577 172 1415 1528 1728 1479 793 1210 277 1936 357 880 1492 75 1755 336 1176 200 695 679 260 1196 454 1575 415 1960 297 440 1019 2000 1977 1698 1358 1619 1040 1280 1839 1820
401 1541 101 325 1164 583 1067 1482 803 1683 1102 345 1882 1502 923 247 1364 1826 705 1148 887 147 1084 1427 1870 606 506 1767 1807 1750 1706 988 904 1581 1413 1313 1676 1388 746 1032 1997 867 1189 650 1843 311 778 1948 669 1451 471 1013 790 558 13 1919 1932 1135 854 60 1631 1478 397 276 531 96 1276 633 1653 691 1973 197 39 78 1797 835 954 1615 451 1353 215 1572 1218 1254 234 495 439 1056 1235 1536 1737 738 976 579 180 1339 1299 299 379 140
1141 341 1421 1041 1481 1783 1862 1065 1361 1166 724 326 1621 883 1824 1082 1984 985 1907 945 1266 1721 302 643 1884 61 1307 765 385 83 427 202 1381 965 1126 1608 1187 371 1751 272 807 593 1809 1108 119 167 1586 55 1677 909 866 1710 1289 556 1471 1009 8 935 617 151 512 672 1854 529 36 476 1417 1554 1457 720 795 1971 1692 1654 692 1350 198 1940 259 578 758 637 1958 1335 1531 1255 839 456 1577 1219 497 858 138 1518 1039 418 1779 240 300 1240
1741 1762 1543 343 1022 1662 404 1182 1784 43 327 185 262 602 842 1265 283 249 1406 1827 505 1624 1149 366 1993 1224 125 1432 27 711 388 85 114 925 1170 991 907 166 1810 1910 1875 1468 1589 749 893 774 1288 1712 1929 574 1894 1375 150 1051 1511 208 670 472 735 488 1491 1318 630 1112 559 70 1396 319 1456 1969 1075 1949 879 1249 1137 599 1092 437 1694 16 1216 836 696 453 1573 1336 235 800 1018 957 1736 535 1659 1537 820 1860 660 1359 1620 980
1761 321 1441 1063 1861 403 702 1982 1544 381 1167 1802 983 902 1664 263 1262 829 1883 667 1404 361 503 1489 481 886 548 1426 964 1150 49 466 734 1186 1105 429 564 1684 1504 613 117 809 1649 128 63 90 927 308 1927 1391 31 1713 1374 1915 1132 1845 291 7 1293 168 1612 1473 1014 1346 1034 1319 152 192 873 1569 794 654 356 1212 1972 636 752 857 258 600 1596 1332 1956 232 1095 1532 1256 455 1734 1757 1058 217 1236 960 1640 780 1800 1840 539 700
821 1021 721 661 1742 1601 281 1682 244 1904 1401 1644 1704 1363 1841 922 1002 1268 1869 947 1245 108 1169 550 386 1326 1428 708 368 507 1668 1786 610 806 591 647 1994 52 992 1341 87 1131 307 1770 349 1568 1315 1287 776 847 1470 1191 1070 33 1454 788 1817 10 189 576 1393 1630 1053 475 330 1208 1156 173 1513 915 1730 875 1557 688 434 1937 753 279 229 76 1950 447 896 492 214 1599 972 155 414 1118 1534 639 1834 1096 1500 139 1238 1980 1900 540
1901 1142 822 323 1763 543 1821 663 1165 463 901 1321 344 1866 1622 604 1943 106 1083 1806 426 1303 1488 1989 949 25 843 387 1748 709 1842 768 590 1226 443 1127 567 1203 1343 1709 1372 812 149 1893 1192 1686 1033 65 995 1453 1651 130 254 209 1246 1438 1072 871 59 317 1054 295 1477 513 792 1419 195 632 278 14 1400 754 1515 657 230 1939 1558 1597 1974 494 1798 1278 1574 697 1017 1119 99 1297 737 1617 536 178 416 899 1538 979 1739 1680 940 380
1061 1161 542 261 1461 1981 1501 584 161 641 827 728 423 82 1562 1263 406 187 1221 946 1408 1524 1308 1871 608 286 1430 1328 370 1027 1609 51 113 1445 906 1675 1582 468 810 1889 348 1371 717 1708 993 1771 571 777 445 969 313 1008 253 1815 487 848 1392 629 671 1052 1931 35 394 1155 71 1967 1794 1556 332 874 1920 1856 1247 689 210 1655 798 136 1116 1833 1093 756 1495 1957 1354 1636 158 519 239 898 1759 1220 1199 18 1738 1699 1140 939 538 1300
541 1062 561 1521 1181 144 241 1144 422 184 103 1462 1425 1362 1665 1264 1486 1825 684 962 1747 1045 1990 364 47 84 346 733 484 589 1790 1005 611 390 28 1888 716 808 1031 908 1707 1390 1342 890 782 748 1314 1812 1772 1928 310 1876 273 1947 779 1844 1917 934 1230 1111 997 11 227 673 1613 872 855 1136 1418 296 1175 334 134 1656 532 212 1213 1695 1732 480 80 837 1334 638 518 1559 659 1258 457 1600 1298 1638 179 1979 959 1097 1520 420 1459 1580
1641 581 1101 882 1922 1743 183 1545 1522 382 545 1868 1304 1405 107 264 1490 1223 645 285 305 1626 1667 369 347 126 1789 1945 713 1128 1047 1029 1435 1505 54 1611 568 1389 1995 1567 864 1449 1344 771 1830 994 64 1914 91 1714 1378 1687 615 1591 1725 1012 1194 511 1272 936 953 256 1207 412 331 174 833 1970 478 153 856 635 1294 436 1899 490 677 816 799 1480 1777 757 1859 1819 1160 974 238 1259 1080 460 919 17 537 1179 740 698 1340 219 1098 40

