100 20 2000
20 17 83 19 46 6 63 14 19 13 28 10 87 11 91 1 61 18 14 5 84 3 9 12 91 9 24 7 28 8 60 16 26 4 11 15 6 20 4 2 96
20 7 70 10 72 18 45 11 50 2 1 8 46 12 67 14 43 1 75 6 44 15 62 5 91 9 99 4 96 13 34 19 60 20 96 3 19 16 10 17 52
20 4 94 14 42 9 82 19 39 10 33 3 48 16 42 17 32 5 69 2 93 15 65 11 74 13 47 7 3 18 31 20 55 1 81 8 91 6 71 12 66
20 11 49 5 20 14 37 19 95 20 24 13 6 10 65 18 34 4 63 8 50 9 12 7 64 15 56 3 31 12 37 2 93 16 89 17 32 1 96 6 47
20 4 35 20 15 10 66 5 89 19 72 16 47 3 58 11 34 17 61 18 50 1 17 7 31 2 80 6 84 12 13 8 43 9 96 13 73 15 37 14 97
20 2 56 8 64 14 15 17 78 18 35 6 71 9 85 5 63 13 36 20 91 7 48 4 26 19 14 1 55 12 5 15 62 3 57 11 94 16 53 10 6
20 11 97 7 18 15 12 20 65 17 77 5 69 13 27 18 78 4 34 9 59 2 2 16 22 14 77 19 51 10 6 3 25 8 6 6 49 12 7 1 97
20 2 83 15 27 14 34 13 98 20 41 8 43 16 22 17 4 18 45 1 19 11 44 12 62 7 79 3 12 9 31 5 60 19 34 4 93 10 95 6 1
20 10 39 6 74 12 94 17 68 4 77 19 10 9 29 8 60 18 13 5 38 11 44 3 64 20 61 7 95 2 73 1 37 14 37 13 2 16 13 15 32
20 11 12 6 60 7 43 13 12 2 40 5 78 8 66 12 25 14 76 20 28 3 68 4 59 18 10 16 77 15 87 9 93 10 45 19 44 17 95 1 23
20 19 55 5 61 17 62 3 49 20 62 9 94 13 2 1 93 4 35 11 82 2 63 10 25 14 84 18 61 16 60 7 95 12 42 8 19 6 1 15 99
20 16 13 12 55 9 31 18 34 13 70 3 95 1 86 6 33 4 64 20 10 17 97 15 11 10 79 11 53 7 87 2 5 8 97 5 78 14 82 19 58
20 20 68 9 25 14 8 13 48 2 86 6 26 15 66 16 96 17 27 4 77 1 20 5 5 11 10 3 64 19 66 12 57 18 74 10 96 7 11 8 83
20 5 33 7 44 10 21 16 31 2 12 13 19 1 85 15 16 11 79 19 98 18 20 14 18 3 21 9 77 17 18 4 45 12 58 8 49 6 94 20 88
20 19 71 20 36 14 83 9 48 15 23 18 84 1 18 10 95 11 26 17 94 3 60 6 28 5 81 16 71 8 75 4 63 12 40 13 65 2 34 7 97
20 6 13 17 50 2 15 19 85 1 23 14 57 7 93 13 84 5 74 16 55 10 94 15 13 4 99 18 10 9 59 11 60 20 95 12 76 8 69 3 14
20 15 44 18 64 20 29 6 69 11 96 2 23 5 27 3 4 12 13 7 8 8 59 9 29 16 3 13 79 1 14 14 45 4 59 10 85 17 2 19 75
20 2 40 6 33 7 11 18 61 13 16 9 85 20 95 15 83 10 82 5 94 12 37 14 50 16 61 17 82 11 36 8 6 19 14 4 2 1 99 3 78
20 7 73 10 48 5 8 17 34 4 80 16 67 12 47 6 13 11 99 8 10 3 31 1 65 18 65 9 26 19 3 14 47 2 68 20 11 13 12 15 43
20 11 64 13 45 4 18 7 24 15 9 3 39 18 98 12 51 6 28 10 18 9 34 8 2 16 18 5 24 19 82 1 36 20 48 2 51 17 2 14 86
20 10 68 12 72 16 54 3 29 18 85 11 11 5 36 15 35 19 8 7 47 9 70 4 56 17 32 8 97 14 27 2 32 20 77 1 50 13 15 6 64
20 4 57 18 4 20 87 9 45 13 72 12 84 2 64 7 13 15 33 8 93 1 20 19 31 3 69 16 96 11 59 5 87 17 82 10 91 14 91 6 15
20 9 40 16 98 19 95 11 96 14 28 8 91 4 65 17 31 1 12 15 25 2 11 3 11 5 69 18 77 12 52 6 17 13 44 10 42 20 76 7 89
20 12 86 1 26 7 77 2 59 8 54 10 17 11 9 15 37 13 29 16 37 14 42 9 26 20 84 6 98 3 53 5 50 19 75 18 37 4 93 17 60
20 11 49 3 67 14 35 12 64 10 10 5 17 4 1 6 6 19 82 20 75 7 32 2 41 16 26 9 93 18 74 1 90 13 33 17 35 15 99 8 50
20 19 35 2 71 10 57 4 46 13 11 7 44 11 86 14 53 18 4 6 1 1 22 5 2 12 40 3 82 16 60 17 91 8 3 20 45 9 79 15 72
20 13 55 17 56 3 96 9 29 10 28 20 8 7 29 1 26 4 78 8 27 15 29 11 82 2 31 16 58 6 1 12 83 18 55 19 81 14 28 5 99
20 2 71 5 42 9 23 16 55 3 59 15 97 7 86 19 20 14 86 13 32 11 57 17 63 1 18 10 95 8 39 4 90 18 3 20 37 6 87 12 85
20 13 60 17 44 18 77 2 22 5 75 12 4 1 6 16 68 10 6 4 19 9 82 6 95 14 36 11 48 3 7 20 88 7 54 19 2 15 75 8 13
20 7 7 11 77 3 77 19 13 6 97 4 22 14 21 12 88 5 90 8 95 18 11 13 30 20 61 9 11 10 39 1 48 2 88 17 58 15 23 16 89
20 18 56 9 65 17 5 5 89 15 99 12 60 14 73 8 56 13 68 4 63 11 48 2 70 10 51 16 7 3 8 6 7 7 43 1 18 20 18 19 81
20 4 52 6 15 5 75 2 66 16 92 17 66 18 16 13 96 8 72 15 35 12 26 14 21 19 69 11 86 20 15 7 60 1 6 10 61 9 2 3 8
20 12 92 4 84 18 16 17 27 11 77 2 82 15 67 19 74 1 81 5 92 14 75 6 92 13 50 9 83 8 43 7 42 3 49 16 51 10 36 20 89
20 12 42 4 97 9 2 10 70 3 59 16 57 1 30 13 23 8 49 15 20 14 68 5 10 11 61 18 84 7 15 17 58 19 28 2 61 6 67 20 10
20 7 29 16 57 15 26 20 79 14 71 2 15 18 46 4 74 17 6 13 97 3 51 11 3 9 63 19 79 1 85 5 86 10 43 8 22 12 1 6 39
20 2 82 15 35 17 20 9 49 3 97 4 15 7 34 19 92 13 23 6 60 11 13 8 52 20 38 5 34 14 68 1 97 18 1 12 18 16 73 10 72
20 12 4 7 86 16 2 5 24 4 42 3 70 17 55 20 45 13 49 6 96 19 78 15 73 8 1 2 48 9 17 14 53 11 15 18 48 1 86 10 4
20 17 87 15 40 10 55 13 7 7 33 3 44 6 78 2 21 12 48 9 92 4 60 16 69 14 32 19 75 20 89 11 72 5 62 18 7 8 50 1 22
20 1 74 8 52 7 82 14 25 17 24 6 93 16 74 13 58 15 83 5 2 9 12 4 76 10 97 20 1 3 11 19 29 2 57 11 41 12 29 18 78
20 6 32 4 83 3 80 1 89 14 99 5 25 17 5 7 29 10 77 11 41 8 6 16 77 9 71 20 21 19 14 13 73 15 61 12 26 18 54 2 99
20 15 19 14 40 4 68 11 4 5 99 6 72 20 18 16 45 17 33 10 41 8 38 1 75 2 61 13 8 19 73 9 80 3 73 18 64 7 33 12 14
20 15 77 20 61 6 21 12 82 8 77 4 24 10 96 2 35 5 11 3 23 16 77 7 86 13 8 18 5 1 43 14 12 19 34 9 31 11 44 17 15
20 12 51 8 63 20 19 5 14 4 5 14 50 18 18 17 4 15 84 3 50 2 41 13 39 9 98 6 67 7 31 1 59 10 69 16 91 11 67 19 34
20 5 92 16 57 9 73 20 80 2 57 14 77 19 83 3 97 18 47 1 95 6 84 12 9 7 56 4 51 8 32 15 11 17 67 10 46 13 50 11 69
20 13 40 9 1 14 51 12 33 2 75 18 63 20 62 15 54 1 36 5 17 8 59 7 96 11 68 10 44 4 57 16 89 6 50 19 9 17 11 3 10
20 19 45 2 99 20 92 3 8 6 77 9 15 18 80 5 13 12 50 10 30 15 66 13 9 8 77 1 72 17 26 7 96 14 85 4 58 16 43 11 42
20 13 56 11 28 2 81 4 20 16 12 14 14 3 47 9 83 10 64 12 44 19 42 20 68 6 95 8 17 5 55 17 62 18 69 1 71 7 93 15 12
20 8 17 7 26 13 98 11 49 9 78 15 36 10 87 2 96 17 32 6 23 1 56 12 84 4 21 5 69 20 98 18 9 14 75 19 78 16 32 3 57
20 9 33 6 82 19 69 18 32 8 61 16 49 2 61 11 98 15 81 14 61 4 19 7 63 13 46 20 81 17 22 1 80 5 43 12 20 10 57 3 31
20 6 97 14 65 5 83 20 61 8 35 13 85 11 98 3 56 10 21 15 96 18 20 2 79 12 70 16 38 7 31 17 57 19 33 4 83 1 58 9 29
20 8 37 12 23 14 32 20 94 10 86 7 44 3 6 5 61 15 22 13 15 19 42 18 67 4 36 1 83 17 52 11 49 16 5 9 85 6 63 2 60
20 6 99 3 95 5 66 19 61 8 5 15 6 14 57 17 3 9 37 20 87 18 27 16 11 12 28 10 61 13 93 4 74 2 5 11 42 1 45 7 51
20 8 18 11 44 20 4 14 65 10 82 13 97 17 28 2 62 6 36 15 96 7 76 19 59 18 51 9 16 3 89 1 39 4 55 12 10 16 24 5 62
20 1 78 2 8 4 9 19 4 15 48 11 48 6 77 10 65 5 71 7 4 13 18 12 93 16 70 9 41 8 27 14 85 18 62 20 20 17 27 3 90
20 8 57 5 1 13 14 18 11 20 38 14 74 2 6 7 72 4 16 11 11 1 25 6 5 16 86 3 83 9 5 15 41 17 52 12 39 10 80 19 74
20 6 76 17 47 14 33 9 31 19 61 4 78 16 27 13 68 18 34 15 99 2 44 8 64 10 13 11 45 5 55 7 19 20 99 12 34 1 84 3 74
20 18 38 8 79 15 6 13 8 4 12 10 72 6 4 9 4 1 8 11 55 12 23 2 77 7 52 17 55 5 54 16 30 14 84 20 79 3 66 19 21
20 6 59 15 31 8 83 10 57 11 67 13 17 16 70 20 23 19 14 14 54 9 10 2 24 1 79 18 67 7 77 5 90 3 7 4 94 17 34 12 69
20 2 36 10 7 9 27 12 16 14 16 6 10 4 60 8 78 7 80 15 7 18 37 19 76 11 31 17 36 1 26 13 63 16 78 3 78 20 92 5 46
20 20 71 17 60 11 74 18 29 15 27 14 57 5 83 4 5 6 12 7 68 3 96 9 25 12 50 16 85 10 23 2 1 8 77 1 74 19 21 13 33
20 17 24 15 21 7 94 18 4 10 3 5 4 4 56 6 23 3 70 16 42 12 68 8 98 19 48 13 48 2 9 9 98 1 64 14 69 11 56 20 84
20 8 99 16 52 4 52 13 72 10 95 18 10 14 94 11 51 12 77 2 13 15 82 17 61 7 68 1 39 3 60 20 43 6 94 9 28 5 36 19 77
20 20 4 11 45 5 11 10 16 14 98 6 94 17 20 13 99 3 89 2 63 18 35 8 72 4 88 16 22 19 72 12 71 15 69 9 50 1 77 7 40
20 2 67 11 90 4 46 18 10 12 19 1 24 6 36 7 38 16 73 10 74 17 33 3 17 15 9 19 15 5 95 8 33 13 46 9 85 20 34 14 51
20 13 9 12 8 14 97 8 64 5 64 18 96 16 33 7 26 10 88 19 67 15 20 2 18 17 67 20 51 6 77 1 43 3 77 4 83 9 9 11 20
20 20 43 1 21 17 51 11 35 14 11 19 30 5 89 15 48 18 70 12 62 16 56 8 94 3 12 9 25 10 83 2 21 13 91 7 80 6 43 4 75
20 10 13 11 35 9 43 7 80 4 53 20 11 8 97 2 29 19 83 18 6 14 73 1 10 15 55 12 32 3 49 17 50 13 22 5 86 16 20 6 81
20 14 55 5 22 3 91 20 63 4 15 10 5 9 96 13 53 15 68 19 5 11 59 1 18 6 87 12 76 18 19 17 92 2 18 8 17 7 20 16 29
20 1 8 17 2 8 32 4 12 14 55 19 27 18 9 11 60 16 44 15 86 13 66 7 52 10 35 5 21 20 76 2 50 6 58 9 25 3 26 12 22
20 20 18 1 94 6 83 17 51 7 91 19 74 14 9 12 29 3 93 16 75 13 62 5 46 4 68 11 77 2 34 8 65 15 73 10 73 9 40 18 44
20 7 53 2 17 4 56 20 38 13 63 17 65 11 38 5 65 8 48 16 59 9 40 19 33 6 15 14 86 10 66 18 38 12 95 15 80 3 47 1 10
20 5 40 10 68 9 53 15 69 6 22 1 97 11 49 2 71 3 82 7 78 8 3 20 17 19 20 13 52 18 8 16 5 12 99 4 64 14 85 17 61
20 5 94 2 12 7 38 11 68 14 48 13 33 20 8 1 42 4 81 6 54 15 67 16 63 9 45 12 44 8 11 19 48 3 25 10 26 18 56 17 48
20 7 59 11 38 6 83 1 43 19 8 10 29 20 56 17 54 9 34 16 41 12 51 4 89 15 83 2 13 3 61 5 13 14 33 13 5 18 36 8 10
20 10 94 1 42 14 54 17 41 9 78 16 80 5 53 2 98 7 10 15 86 20 19 19 72 18 24 3 96 13 6 11 14 4 27 6 19 8 19 12 88
20 19 63 15 34 4 66 9 80 7 61 1 12 13 30 10 31 17 40 12 94 20 92 11 89 8 58 5 49 14 29 16 93 18 1 3 56 2 50 6 99
20 16 97 19 72 15 27 5 38 7 72 14 90 9 91 18 51 10 9 2 14 17 67 8 65 1 4 13 13 4 84 11 1 6 20 12 73 3 12 20 62
20 2 82 11 84 1 45 13 46 10 5 7 25 14 31 9 60 3 12 12 32 20 21 15 50 5 77 4 36 16 86 8 34 19 11 18 12 17 60 6 1
20 1 41 5 22 16 20 11 76 2 45 6 60 9 97 17 82 20 33 3 59 15 48 12 58 10 95 19 45 14 21 4 85 13 82 18 50 8 18 7 21
20 11 21 6 66 18 31 4 15 5 92 8 11 14 34 17 46 1 28 20 96 15 72 3 79 7 85 2 78 12 31 10 76 16 25 13 2 19 20 9 67
20 6 77 7 39 19 71 14 83 12 70 10 47 11 32 15 11 3 26 8 1 2 75 1 17 18 77 5 98 9 5 16 10 20 11 17 33 13 73 4 67
20 19 16 10 39 7 29 13 27 11 70 4 52 14 11 2 26 8 62 15 19 18 99 1 38 12 95 5 13 20 3 17 44 9 30 16 46 3 72 6 89
20 1 65 11 97 18 23 13 38 15 57 4 73 2 33 17 11 8 9 5 96 10 4 12 78 19 38 7 54 14 63 20 98 3 86 6 58 16 49 9 96
20 15 95 13 86 4 58 12 46 11 51 17 99 2 59 3 4 1 33 6 6 18 50 9 49 7 62 20 69 8 37 16 65 10 12 5 56 14 88 19 82
20 4 61 15 53 12 33 14 5 9 38 19 63 8 35 1 74 20 56 5 54 17 73 10 17 16 61 11 49 3 4 13 76 18 11 6 64 7 70 2 50
20 9 17 5 35 18 73 16 28 1 81 12 18 14 95 7 26 13 93 4 32 3 3 8 39 6 13 2 97 10 94 17 53 19 11 20 80 15 30 11 28
20 4 1 19 98 20 32 8 56 16 39 3 29 15 33 13 82 11 57 6 17 1 39 18 77 14 73 9 12 5 91 10 67 12 72 17 94 7 14 2 73
20 2 36 4 48 19 66 8 23 17 52 1 92 10 90 14 1 13 1 7 39 5 49 12 25 9 4 15 16 3 74 20 36 6 51 18 61 11 16 16 56
20 1 90 12 21 17 99 15 29 5 49 2 13 8 94 6 26 3 20 18 73 11 21 16 28 19 54 9 3 4 97 20 43 13 48 10 55 7 20 14 70
20 17 64 19 6 12 72 4 74 18 25 6 43 5 8 20 20 16 80 14 89 8 6 1 44 15 2 2 6 9 54 7 51 13 41 3 98 10 90 11 94
20 17 91 9 59 16 27 7 65 12 45 14 22 6 97 10 53 13 72 11 47 4 98 1 49 19 76 2 86 18 82 20 52 15 62 3 48 8 37 5 25
20 20 97 1 28 4 87 15 56 12 96 11 14 10 78 5 5 17 29 9 14 13 73 8 52 14 2 3 34 7 19 19 16 18 21 6 79 16 71 2 6
20 13 93 17 14 9 82 1 81 6 55 5 54 11 51 14 61 3 22 20 28 15 3 19 35 12 22 16 46 7 80 4 66 2 92 18 2 10 17 8 61
20 5 53 2 2 17 51 14 65 11 75 15 14 13 13 8 51 9 18 12 79 16 25 18 52 10 49 4 43 1 49 7 83 20 36 6 54 3 43 19 72
20 4 1 1 32 18 66 7 52 6 90 13 8 14 33 19 72 20 80 15 40 5 38 10 98 3 71 8 98 17 14 12 35 2 23 11 22 16 23 9 93
20 3 49 20 16 10 85 15 9 4 61 2 21 1 86 17 14 7 81 8 59 16 34 18 59 12 19 14 85 19 29 13 67 5 46 6 90 9 42 11 23
20 17 25 19 84 8 4 18 53 2 91 11 1 9 26 13 19 3 98 12 97 1 5 15 24 10 76 5 28 6 18 7 81 16 70 14 84 4 11 20 66
20 14 5 16 6 10 81 13 49 8 30 1 77 17 44 20 2 3 73 2 78 9 15 11 38 12 39 7 88 19 72 5 69 15 30 4 6 18 46 6 7
20 10 41 6 14 15 85 8 1 4 69 5 9 20 43 17 88 18 44 13 85 7 80 2 50 12 3 14 31 9 74 11 88 16 85 3 3 1 72 19 85
20 12 78 5 50 9 76 13 48 4 38 3 84 11 21 14 57 17 72 19 8 18 55 1 56 2 23 10 4 6 57 16 56 20 58 7 27 15 66 8 11

insa:
5914
1361 1561 1882 1641 1302 761 1061 1382 462 1482 1761 1688 305 1266 1822 1506 1946 1464 1129 784 1669 1426 29 567 287 1792 1705 208 8 1746 431 889 1632 1448 267 511 227 951 914 1543 649 1589 1153 1907 91 812 1875 528 1731 667 449 150 1612 1352 1091 1175 1533 1296 695 1812 1931 114 335 856 870 1844 251 396 596 835 553 57 716 372 418 1332 79 1014 618 1217 1992 1039 496 1234 1259 938 1056 1979 637 976 176 999 1198 140 1420 1119 359 739 760 200
1161 341 1862 101 1402 1261 541 564 1062 701 1565 502 303 1741 141 1442 185 902 464 25 885 865 1541 1667 1766 245 1132 265 1048 1428 686 1628 427 748 1950 1087 646 1925 624 948 1611 326 923 1292 1647 1152 851 1111 1906 1328 828 131 1794 211 492 1530 50 93 967 451 1230 1488 813 76 1972 1250 533 1376 416 992 1814 1714 1594 1215 612 236 398 1037 1474 1316 1395 1993 734 1700 678 1897 1196 299 377 175 597 20 1740 777 1519 1857 1357 1020 1840 800
1901 482 204 1343 583 46 746 545 783 705 1668 1949 904 1209 726 386 850 1022 1570 404 226 1609 172 1429 433 191 691 328 1389 927 87 1726 523 665 74 830 1249 1834 11 1929 1549 988 868 452 1769 136 1592 1007 514 273 1986 1313 1272 1297 1711 1695 575 291 117 1879 1893 371 254 1191 1798 615 1094 1539 1849 1139 1639 1335 154 475 1475 1178 1055 1978 1235 657 1157 1379 1657 640 38 817 775 1494 1518 1457 1818 980 1419 960 1755 320 1080 1120 360 900
1881 1721 81 421 1681 1364 1403 41 1063 1167 1503 1125 1223 1584 1325 1207 1784 1263 1663 845 725 1742 782 1823 642 69 706 826 803 1965 383 165 1626 504 621 1106 1345 487 1646 586 570 688 365 1905 751 209 129 662 924 1089 1449 192 895 1472 953 229 1874 447 1811 529 112 1985 412 250 1535 337 1710 313 1188 1298 1253 971 276 610 1554 1013 772 1958 1393 874 1036 296 918 34 1775 556 1438 1057 998 17 1576 1158 1497 1856 358 1939 158 1620 479 1320
1861 1562 1421 202 62 861 261 1702 542 1082 724 1441 1206 1342 565 1285 1690 844 1524 1787 1243 983 1765 604 1307 84 363 126 1966 1585 186 908 170 1828 486 309 623 1023 407 890 1135 805 512 327 714 1982 10 1650 829 786 1069 1374 1487 49 1891 108 1408 394 1115 589 453 650 770 1008 32 1187 672 1634 1553 252 1846 293 1751 1392 1956 954 935 350 1934 436 238 1735 476 1476 156 1514 1156 1275 977 1614 1917 1678 1060 696 1338 757 1239 1820 1180 540
301 781 1141 1101 342 1962 182 1166 1582 823 162 1566 3 1601 1208 981 1425 1786 1267 1463 1127 1021 1383 324 1670 106 1885 905 246 30 747 1049 585 488 622 1246 1067 710 389 1807 510 962 950 766 806 228 1450 730 572 1730 1295 854 1768 368 1092 1838 94 138 1353 1537 456 1189 1845 1878 1713 292 652 871 933 1413 535 1698 616 1377 420 1935 474 80 59 1995 1960 1640 1560 679 279 559 1658 1237 1019 1918 1498 1520 219 1319 440 1757 700 897 160 1340
581 681 942 1401 1461 21 343 722 1203 1324 183 1884 745 463 1602 763 1505 122 1525 1623 1169 361 1443 1268 707 262 1288 384 1385 307 1133 428 547 1673 1804 506 72 1088 410 892 1954 330 1750 174 1372 1051 1546 788 491 1070 527 92 916 1835 1654 1876 855 111 1796 1006 1971 1708 1489 1116 54 1155 832 1593 1190 577 972 235 873 1909 1430 617 1699 153 1936 675 1233 995 216 656 636 14 1779 1998 1260 300 1739 1855 1040 1318 1359 259 1580 819 939 460
941 1041 1001 1363 1221 102 1081 1122 1168 1284 762 1687 1868 842 1143 1945 26 465 1327 985 825 1964 1744 146 1767 1923 70 1791 168 1629 1212 187 430 1586 1610 1025 891 712 1724 913 331 1649 446 1112 965 811 1832 392 1409 669 1532 530 590 137 1312 414 791 1252 608 1712 1075 1675 96 370 1894 295 517 934 555 237 1431 629 875 1556 58 1910 733 1396 278 1513 655 15 1276 356 1455 1197 2000 580 1579 319 1819 1499 218 1358 1480 1860 698 759 500 260
1701 441 961 242 1323 223 882 1163 602 1685 1423 543 43 424 863 945 1504 1869 1104 704 1802 346 1128 284 1567 1672 107 71 906 167 206 472 1485 1951 750 1830 1469 1527 1347 571 130 1151 663 411 1029 391 1983 1843 524 1927 928 693 853 1548 332 1795 1074 1411 13 771 1314 1734 1975 594 315 1637 274 1054 33 494 1774 1192 196 1216 1095 374 1258 793 519 155 816 1600 654 1299 735 1378 97 1900 639 1018 1453 1615 1278 838 1753 1238 1399 1660 1919 1000
1321 161 1162 1961 401 83 1422 1481 743 1205 503 67 22 1943 45 1622 1126 1508 1144 466 1244 1466 1903 1045 362 263 1692 6 947 1225 1827 1606 485 569 1270 910 288 1346 1289 1068 390 827 1747 664 1808 894 1529 1651 1545 810 1373 525 1034 1873 1113 212 311 789 929 1005 135 989 1892 233 349 1933 595 857 338 1573 554 458 613 1415 1315 1596 197 1994 878 1799 1195 1099 1736 1398 1778 1677 638 659 773 1715 979 438 1458 258 1859 697 120 159 720 740
181 481 1322 1042 61 1581 1462 582 944 1564 1642 922 1865 1262 1242 121 24 1665 1304 1368 467 381 1130 444 645 1625 1427 804 1826 1145 1444 7 1607 1066 171 1952 1407 406 289 507 711 325 210 893 1542 1183 88 1926 692 1173 1351 1810 987 1729 1114 1228 1090 151 790 269 52 532 968 1536 574 1694 1987 551 234 1771 369 253 316 435 611 1847 673 1512 1976 1394 1038 118 880 634 1898 1016 1219 1300 737 756 355 1496 839 1800 920 778 859 1759 1920 1720
1282 641 1002 222 721 1164 1683 461 1783 884 661 841 163 566 1762 1265 1664 824 1870 27 1825 1131 1605 402 426 1211 484 749 909 1510 188 1805 388 588 1981 1953 1388 329 1706 606 1310 1471 513 952 1033 1652 75 1072 367 1229 1550 12 1930 1572 1973 115 455 152 1633 930 993 95 139 277 872 1595 1256 1193 1538 1354 351 1334 631 297 1437 1098 256 536 1913 1896 1853 1058 60 1737 798 1417 978 1454 1752 318 1118 1380 217 718 1160 1500 699 779 820 560
1281 561 943 881 244 225 1662 1124 921 1083 66 345 744 1405 184 1224 1867 5 425 1944 1507 1644 1841 144 1624 469 1046 382 1886 266 127 1146 505 207 308 709 521 1108 1446 1831 1248 690 912 986 1371 1749 1348 1809 1544 729 1728 1071 1928 852 1984 109 550 668 1970 768 1534 1176 814 334 53 1214 1709 1010 592 833 628 609 1696 1391 1797 457 1035 419 973 653 1434 1598 879 298 497 35 796 1777 1317 1916 98 1277 1577 178 1495 1337 1478 379 1619 1200
1941 1283 243 1003 483 63 883 1684 1165 1864 802 42 103 1341 1103 1365 1044 4 1483 306 143 982 846 283 1305 764 1604 1245 28 1790 866 1887 685 1627 471 1086 1526 1445 445 587 549 1387 189 1806 1587 508 1150 1137 1027 1748 926 753 715 785 1186 1547 1227 1833 213 133 573 671 1707 272 336 1733 1974 415 607 1988 651 970 836 1655 1076 1331 1414 1848 917 352 376 632 400 1218 239 957 1914 1575 1515 1477 736 1938 1780 1439 177 539 1280 1679 439 100
801 321 1202 821 1502 1682 1661 1123 742 683 1142 702 1065 1866 142 1424 1523 1963 123 946 1764 468 1170 285 1824 1645 546 849 1308 385 605 247 348 1630 1904 429 888 1608 31 647 911 408 1026 1110 1370 1291 1793 1571 1050 1349 1727 1185 1890 73 268 1591 195 232 312 51 450 670 1552 531 769 1932 990 1009 1231 969 116 1490 1273 732 579 1957 1257 1473 1333 1096 630 1851 876 1397 1451 797 18 1817 1999 520 1418 1754 599 180 99 499 380 220 1719 940
221 682 1563 442 1521 862 723 1222 1942 544 1789 47 1803 1704 1871 470 1269 264 1287 1210 568 1369 1693 403 1107 1147 147 310 1470 366 1136 86 752 1725 925 625 1486 808 248 1032 1311 194 493 966 666 393 132 767 333 1073 1410 831 1093 1177 77 434 1390 1772 1638 994 1254 515 294 534 215 614 792 1555 896 1436 353 1597 1194 1911 1977 1996 1937 1676 1017 1899 1059 658 1452 16 39 1516 1616 1854 919 959 179 1659 119 1839 858 1339 1360 719 600 1760
1201 1362 1781 562 1863 1 203 741 1102 302 603 1921 1303 703 104 1801 1763 1666 848 1947 1691 125 644 164 1384 1047 364 1406 1568 1509 1484 1134 1829 1745 1468 148 727 689 1247 522 1182 290 949 765 1842 1968 1648 1028 1293 48 1588 809 89 787 915 1174 249 231 1531 448 1908 413 626 1271 1636 552 275 78 1232 516 339 1895 936 1989 399 877 1097 1015 676 1079 996 1559 498 975 437 354 1738 1336 40 598 1618 840 1159 1356 1460 1716 199 1440 480 899
1121 601 422 563 224 344 322 1883 1583 1084 1204 1643 1785 1264 23 68 1367 105 1703 847 886 1171 286 643 1671 1286 1924 907 687 169 387 1631 405 1109 128 509 1226 9 1309 149 1528 1969 964 193 1184 1031 90 1872 1154 1837 1732 214 869 1613 591 271 454 55 627 991 1251 1012 314 1770 834 1053 1330 1697 495 373 1959 937 1991 1435 674 1077 956 1558 1912 717 557 1493 537 1815 1416 1355 257 799 738 1517 818 1578 1459 1479 1858 478 758 1400 1758 780
501 201 1501 1782 1621 281 1722 64 2 1686 1064 304 901 44 1522 1366 1603 1105 1465 443 1306 1743 584 1922 1172 867 166 1888 708 489 548 1386 1149 1024 432 409 85 1290 648 1955 963 1350 1213 1052 1653 754 694 1836 395 134 113 270 1813 815 1011 1329 731 931 1880 578 1773 1255 1412 1274 837 255 1574 1492 1433 1990 375 1557 1852 620 1599 795 340 633 677 997 36 240 1915 477 538 1100 958 776 1456 357 1199 157 1140 198 1980 1717 860 1240 898 1680
241 82 1902 1301 1381 1821 822 423 1723 1404 65 1241 1043 1085 684 1326 205 1689 282 843 864 323 1788 124 984 1948 1467 145 903 1004 347 1967 887 1569 1344 1181 1148 1674 1447 728 1889 190 173 713 473 490 807 1294 1030 1590 526 230 1375 1138 110 1551 1511 1877 56 593 1635 755 576 1491 932 417 397 1656 518 459 1432 955 1850 619 1117 794 1540 1078 317 1776 974 635 558 1997 37 1816 378 1236 774 19 1617 1220 1279 280 1179 660 1756 680 1718 1940

