15 15 225
15 14 52 13 19 8 6 1 20 6 1 12 26 10 90 11 44 2 27 3 18 4 51 15 80 5 10 7 51 9 41
15 3 44 2 85 9 2 15 78 14 86 1 88 6 61 12 20 10 56 13 12 11 69 8 34 4 55 5 34 7 84
15 1 62 4 72 2 74 8 63 5 95 9 29 15 24 6 34 7 89 3 83 14 90 13 26 10 98 11 65 12 31
15 10 10 12 15 1 93 8 79 13 77 15 61 7 1 2 48 14 22 11 27 5 21 6 17 4 45 3 96 9 11
15 9 83 14 52 6 70 11 78 10 7 15 28 13 97 3 52 4 29 1 81 7 60 12 91 8 80 5 54 2 35
15 13 3 14 31 15 98 10 97 6 77 2 39 7 41 8 10 1 9 4 93 9 7 11 49 5 20 12 45 3 59
15 10 28 1 93 6 4 5 51 13 67 15 5 7 18 2 52 4 47 9 21 14 49 12 63 3 96 11 85 8 90
15 13 25 2 82 10 58 15 15 7 67 11 50 3 66 8 92 5 56 12 82 14 57 6 16 4 34 9 99 1 61
15 7 82 6 31 13 22 5 16 2 87 15 48 10 59 1 63 8 29 9 99 11 48 14 36 3 91 12 61 4 59
15 9 28 4 25 6 69 5 65 2 62 11 57 8 97 10 31 14 15 3 25 1 83 12 98 7 55 13 66 15 31
15 5 20 3 99 2 13 1 88 15 25 11 75 10 90 7 84 12 70 13 41 4 17 9 54 8 63 14 1 6 95
15 9 59 4 22 14 46 15 10 3 1 12 21 6 3 5 84 10 93 13 59 11 78 8 73 2 59 1 42 7 63
15 8 72 2 80 11 12 5 56 1 22 9 8 13 93 7 27 14 17 3 38 4 26 10 51 12 43 15 80 6 94
15 9 72 12 78 4 29 8 90 2 46 13 46 7 43 5 75 11 90 14 29 3 8 6 92 15 16 10 62 1 6
15 6 89 14 44 15 41 7 32 10 10 12 85 8 16 3 23 13 91 9 46 4 35 5 17 11 93 2 45 1 93

insa:
1357
31 92 154 185 48 84 4 21 128 146 70 179 225 120 210
107 182 153 140 33 17 200 81 98 125 178 9 53 224 75
16 152 170 112 218 145 190 68 40 90 10 206 103 133 59
137 167 32 198 99 85 191 69 221 161 11 118 58 28 135
151 139 94 184 173 35 124 203 114 88 222 56 13 29 74
138 93 211 172 63 80 122 5 38 22 117 207 57 195 165
121 110 97 214 82 202 188 39 158 52 71 148 14 180 30
181 199 34 142 3 83 113 217 49 177 129 163 27 73 105
136 166 196 61 186 18 36 100 86 220 130 162 119 15 60
91 108 79 46 174 215 65 143 157 127 7 192 24 43 209
183 111 141 64 156 176 87 204 8 223 131 55 26 104 44
197 171 47 216 6 102 115 89 159 193 23 147 72 134 45
106 76 95 187 2 201 123 175 67 219 50 160 25 42 149
77 168 62 212 1 20 144 101 189 116 205 54 41 132 164
78 109 169 155 96 213 19 66 37 126 51 194 12 208 150

