50 20 1000
20 9 48 20 40 18 54 16 71 2 52 3 70 11 41 8 76 14 52 19 24 6 5 7 43 4 68 5 10 15 49 12 9 17 81 1 30 10 93 13 17
20 13 85 12 18 4 54 17 42 2 41 3 71 10 68 9 82 19 54 5 49 1 21 20 1 18 58 16 1 6 69 11 58 14 40 15 59 7 66 8 29
20 9 33 7 34 16 77 15 42 4 95 8 2 20 71 19 73 2 19 12 25 5 45 13 88 18 19 14 40 1 42 3 17 10 81 11 72 17 70 6 67
20 13 51 10 41 6 74 17 97 1 26 3 4 14 25 19 12 7 17 12 76 2 6 20 79 9 49 15 39 8 1 5 27 16 44 11 75 4 1 18 18
20 2 22 4 99 14 7 5 7 19 72 6 24 7 19 10 81 8 23 9 72 16 50 1 95 15 31 11 67 13 67 20 22 17 12 18 28 3 68 12 88
20 17 52 4 51 5 44 15 38 2 64 3 11 11 62 10 20 6 54 1 15 19 83 20 79 9 55 18 48 13 38 16 37 14 42 7 81 8 89 12 60
20 20 82 5 43 16 57 1 1 13 89 14 11 2 41 8 50 19 68 6 2 10 4 4 65 17 20 9 56 12 46 3 36 7 33 15 56 11 13 18 50
20 10 45 11 11 9 63 5 59 15 69 6 39 16 44 8 61 19 67 7 72 14 74 20 59 18 16 3 26 17 90 12 66 1 56 13 47 4 95 2 39
20 10 92 14 2 16 88 8 90 19 45 3 88 12 90 20 94 2 34 9 1 1 81 5 64 4 70 13 55 7 7 17 33 15 21 18 35 11 62 6 61
20 7 89 12 21 18 61 9 18 17 77 8 20 1 42 15 59 5 79 16 12 3 56 14 14 19 21 2 43 10 89 20 31 11 71 6 92 4 47 13 71
20 14 61 5 84 8 3 7 73 16 35 12 36 11 79 10 88 4 54 18 96 17 22 6 70 13 10 2 4 9 76 19 40 15 85 1 84 20 93 3 65
20 4 68 11 72 15 74 1 97 8 63 13 33 10 96 20 4 12 63 6 31 19 1 2 98 14 39 18 65 3 72 7 20 5 7 17 63 16 33 9 26
20 1 41 11 65 3 34 19 71 15 19 13 49 14 87 2 61 4 79 10 61 18 29 16 22 20 74 5 68 6 60 9 23 17 82 7 33 8 94 12 42
20 7 17 12 40 10 40 9 28 16 6 18 62 1 83 5 95 15 44 11 91 13 79 3 39 14 68 19 79 6 1 2 20 17 96 20 62 4 62 8 70
20 2 39 10 89 17 37 18 7 16 84 3 60 6 61 11 73 9 64 15 73 8 3 12 75 14 3 1 48 20 74 4 67 5 39 19 32 13 69 7 25
20 12 9 18 83 6 30 2 3 13 31 19 93 11 86 10 49 3 34 16 91 17 56 7 80 8 33 9 77 15 35 5 63 1 72 20 46 14 22 4 73
20 4 21 6 46 14 33 17 54 15 22 12 64 18 20 13 76 8 77 19 97 16 28 9 54 3 81 1 95 10 81 11 72 5 80 7 75 20 18 2 81
20 17 52 14 30 9 38 18 70 6 22 11 15 19 66 13 26 2 55 5 34 15 13 10 65 7 87 12 38 4 85 8 89 16 77 3 22 1 67 20 44
20 5 63 15 95 16 18 20 94 18 73 19 51 2 35 10 57 9 38 8 65 7 69 6 60 1 90 4 68 17 32 12 40 11 11 13 75 14 97 3 51
20 10 68 16 37 14 39 5 13 15 76 9 77 4 6 3 6 6 53 19 41 8 72 17 71 7 46 12 24 11 46 1 50 18 12 13 39 20 92 2 54
20 19 93 3 95 18 8 17 27 11 53 9 75 13 3 20 42 15 5 2 24 7 73 6 88 1 57 8 20 12 99 4 39 5 74 16 75 14 44 10 24
20 9 83 18 14 12 66 16 96 4 11 7 36 17 20 14 5 13 72 3 38 20 79 10 10 15 27 5 27 19 90 2 8 8 83 11 10 6 61 1 69
20 12 22 18 56 11 54 20 50 13 51 19 9 17 15 6 36 16 20 5 79 2 51 14 84 3 40 8 59 1 48 7 27 15 65 10 44 4 40 9 83
20 19 5 8 75 16 43 10 17 4 10 20 92 17 22 12 36 6 7 14 71 18 77 11 70 13 10 1 24 2 78 15 77 3 56 5 42 7 16 9 48
20 5 37 18 96 7 81 3 12 19 92 6 86 13 63 8 88 1 28 15 57 12 58 16 23 2 4 20 95 17 80 9 12 4 82 10 53 14 5 11 75
20 7 58 2 59 16 65 3 78 19 68 12 50 8 38 15 97 11 72 5 94 1 59 4 42 10 5 14 19 13 27 20 54 18 69 9 2 6 56 17 51
20 16 4 7 7 19 36 18 35 1 80 20 95 2 51 15 59 17 93 10 5 14 61 5 4 6 43 9 30 3 93 13 76 12 42 4 99 8 30 11 46
20 10 88 18 75 11 81 7 40 4 61 1 94 13 78 19 24 17 19 8 44 15 96 5 23 14 90 2 94 9 80 20 97 12 24 6 44 3 54 16 52
20 14 5 5 99 18 60 15 87 6 64 12 36 9 78 1 32 10 4 19 18 13 26 17 87 3 74 7 26 16 90 4 45 11 35 2 54 20 27 8 23
20 3 93 5 95 11 11 13 14 18 99 6 86 8 41 12 26 17 50 16 74 4 21 10 6 1 67 19 87 20 46 7 84 2 11 14 89 9 89 15 66
20 10 50 3 71 16 71 8 5 12 60 18 29 15 17 7 29 13 98 4 61 20 87 1 58 11 6 2 60 14 84 9 92 17 23 6 25 5 23 19 57
20 18 75 5 60 20 77 16 48 1 87 4 52 7 98 3 8 13 55 14 97 2 55 9 68 17 59 8 90 6 50 11 98 15 57 19 43 10 72 12 35
20 14 46 7 22 5 11 13 49 6 34 11 30 12 79 9 72 3 77 19 47 10 55 4 63 15 58 1 89 18 71 2 94 16 95 17 13 20 97 8 46
20 16 25 3 98 4 71 8 68 14 8 17 72 13 57 15 39 9 83 5 17 6 90 1 31 18 81 11 6 7 97 19 98 10 82 12 82 20 52 2 82
20 16 42 9 77 11 71 2 19 19 80 12 31 1 66 18 90 5 18 13 15 4 76 20 58 6 92 3 34 15 66 10 8 17 65 8 67 7 84 14 42
20 5 41 13 42 4 69 19 81 11 95 20 16 18 45 7 52 3 48 2 35 1 72 6 80 8 81 9 4 12 3 15 4 10 96 17 53 14 14 16 80
20 17 6 18 6 10 12 20 86 8 26 2 52 7 70 9 93 4 81 14 31 16 89 13 99 12 99 3 71 15 74 6 7 19 43 5 86 1 1 11 93
20 13 44 3 54 1 36 14 40 5 68 17 49 8 45 4 58 19 44 16 65 6 72 10 65 7 53 11 48 12 90 2 98 20 60 15 71 18 27 9 48
20 16 9 2 16 3 56 17 27 13 50 20 57 1 55 9 87 10 44 6 47 8 29 12 82 19 80 5 43 11 75 4 10 14 70 15 38 7 28 18 2
20 8 29 1 91 13 85 11 51 2 86 19 34 9 73 6 12 20 14 4 51 12 1 16 38 3 74 17 92 14 60 7 43 18 36 5 23 10 82 15 30
20 12 21 3 97 11 4 18 85 8 21 5 55 7 34 20 62 17 78 9 11 10 34 1 17 2 3 6 43 13 38 16 44 14 45 19 17 15 3 4 83
20 16 29 9 6 8 45 6 15 20 60 18 29 19 97 15 91 7 13 17 8 4 50 3 46 11 72 10 86 14 7 13 30 1 28 12 13 5 27 2 42
20 5 38 4 10 13 93 20 6 8 72 12 38 16 73 1 88 15 44 10 66 11 79 19 47 14 61 6 6 3 64 7 18 9 2 18 6 17 91 2 37
20 3 21 8 20 5 51 19 96 18 51 2 42 6 52 9 37 14 85 10 18 16 44 4 60 13 68 7 3 12 6 17 20 1 81 20 96 15 30 11 9
20 14 16 15 54 2 53 3 57 17 46 1 84 12 1 20 76 7 26 8 7 6 69 11 88 16 29 13 73 18 32 10 51 5 4 19 74 4 75 9 75
20 1 27 17 54 4 90 8 25 3 97 18 68 20 14 5 54 13 29 9 14 6 8 7 1 15 60 10 13 19 16 11 41 14 81 2 35 12 18 16 79
20 7 56 14 7 13 31 10 55 3 85 20 35 15 82 19 63 5 35 6 54 11 52 8 77 16 82 9 94 4 81 2 25 1 24 12 56 17 23 18 79
20 9 33 15 50 8 22 11 70 10 59 7 51 1 80 3 84 17 47 13 88 14 27 6 18 20 34 18 47 5 4 16 41 4 56 12 42 19 26 2 66
20 4 31 11 83 8 9 1 34 2 62 14 83 19 61 18 41 9 58 15 96 17 87 16 18 12 56 20 2 6 95 13 21 5 51 10 13 7 31 3 96
20 16 62 6 95 19 8 20 3 18 27 10 19 13 36 15 97 2 87 12 62 3 86 8 21 11 37 1 11 5 11 7 67 17 84 9 34 4 48 14 97

insa:
3540
241 782 743 901 525 124 767 964 267 886 947 187 625 65 546 224 687 848 110 711 489 612 294 55 994 877 672 92 455 396 593 171 474 413 654 568 31 373 334 937 218 511 812 739 157 317 837 359 18 440
762 81 883 502 281 726 866 785 965 684 105 304 989 127 248 5 49 527 367 451 349 710 194 410 71 25 631 493 214 169 614 436 475 554 232 936 597 276 656 813 756 400 918 578 960 840 680 860 340 160
861 763 742 243 662 884 602 581 504 925 484 402 106 388 286 166 66 802 709 6 793 191 430 991 628 649 309 56 453 734 26 905 333 948 272 694 832 535 154 855 573 235 358 559 380 220 136 477 99 980
321 961 221 82 703 842 663 102 45 748 729 387 425 545 903 249 465 790 626 610 872 209 23 691 652 591 831 355 13 296 999 173 459 416 935 374 899 497 512 132 199 576 957 538 820 776 279 79 159 320
481 701 361 863 122 84 643 841 202 144 622 745 384 103 582 562 450 51 189 268 350 929 670 689 995 552 532 434 806 172 908 297 30 897 510 254 417 14 955 738 237 977 316 798 76 774 337 839 619 478
322 982 645 146 86 824 345 303 63 788 867 389 448 287 486 751 109 565 891 469 586 930 671 212 712 11 533 770 412 693 230 372 736 635 911 975 854 35 275 952 255 130 439 198 814 558 618 519 180 60
501 42 522 261 642 921 181 483 204 727 87 946 608 544 426 150 708 69 889 627 753 353 874 393 411 371 829 12 996 675 807 456 312 912 596 300 175 856 574 796 236 118 699 39 258 338 137 979 479 779
862 781 462 943 203 725 823 164 963 747 604 148 664 46 186 507 89 128 845 329 225 890 291 488 391 550 992 8 587 370 454 904 805 932 771 713 356 414 634 313 437 698 75 119 40 539 259 660 580 280
41 941 1 421 143 264 822 343 682 648 184 728 787 386 868 669 289 406 369 969 768 90 567 332 632 170 215 714 28 998 934 496 910 534 113 314 555 810 73 256 460 616 134 857 599 518 900 240 760 480
141 601 541 161 986 723 263 381 924 282 945 62 88 208 870 464 250 108 368 752 227 352 308 195 850 651 530 432 769 592 57 27 717 896 458 569 696 677 914 335 131 811 513 639 498 834 799 978 19 420
242 142 222 944 646 784 962 683 543 583 443 207 705 346 288 107 405 803 7 307 270 993 613 931 395 892 509 674 472 851 754 197 58 833 636 438 916 377 36 94 740 336 577 179 775 78 540 500 139 880
301 262 441 801 423 182 647 326 206 605 506 22 887 990 686 846 50 167 791 70 733 468 292 875 566 394 588 491 354 229 772 715 973 755 415 938 376 537 156 557 678 16 958 838 135 919 640 120 260 100
741 702 61 21 987 644 783 765 923 843 246 328 584 125 609 445 305 667 429 732 348 487 226 547 52 407 873 629 690 271 213 894 473 398 909 299 571 950 536 115 174 976 378 515 815 836 95 158 200 20
881 641 201 323 83 162 744 342 922 561 383 966 665 730 126 247 869 428 67 151 452 192 293 54 470 630 9 531 795 553 273 853 233 615 951 1000 598 514 37 117 917 835 379 817 499 419 777 719 319 700
882 942 362 325 44 223 245 145 385 104 988 607 927 508 564 668 188 528 290 849 351 269 490 409 970 551 828 433 93 653 716 457 735 695 217 913 637 315 177 74 15 879 38 476 819 800 758 778 138 600
521 761 981 661 821 43 123 363 503 265 163 681 205 382 603 147 424 624 285 4 731 449 750 463 847 792 190 871 252 91 331 590 492 893 310 972 933 34 357 418 116 575 956 816 657 239 77 560 920 720
721 764 324 341 101 885 746 283 902 185 666 64 447 427 404 467 529 794 549 392 876 211 24 589 971 830 633 311 997 949 495 718 697 809 572 375 155 176 277 133 617 238 257 658 17 97 59 859 939 520
621 482 524 422 985 722 3 865 442 266 542 183 327 344 302 606 284 563 585 365 707 403 826 251 968 688 53 210 804 471 673 895 906 397 153 655 33 234 114 954 178 797 858 517 98 80 759 940 780 140
401 523 461 983 864 244 85 704 165 786 505 749 149 485 685 446 390 48 68 366 347 967 306 928 193 548 827 330 650 111 10 435 594 676 29 231 298 852 570 216 898 274 129 915 737 638 773 959 818 620
121 2 984 724 766 623 844 926 364 444 789 47 526 706 888 825 466 152 611 408 228 431 168 692 494 295 196 907 808 974 253 112 595 32 72 399 953 878 556 219 516 278 96 757 679 318 659 339 579 360

