50 20 1000
20 5 8 4 41 19 4 18 52 13 47 14 67 15 65 7 18 8 73 12 10 2 70 6 66 17 64 9 53 10 34 16 28 11 74 1 40 20 8 3 30
20 14 37 6 91 15 97 19 6 2 48 20 90 12 32 7 12 4 93 8 15 3 33 9 5 5 2 11 11 16 96 13 16 18 82 10 49 1 48 17 81
20 6 11 4 70 19 4 16 92 12 18 20 41 13 77 2 5 7 49 18 94 5 32 14 67 15 2 1 16 10 21 9 69 11 89 8 32 3 6 17 33
20 14 87 10 3 7 82 1 44 8 16 9 54 2 9 4 49 16 28 11 70 6 85 19 34 3 53 17 37 5 59 20 66 12 41 13 96 18 84 15 54
20 2 1 12 31 20 73 19 35 1 81 9 84 5 34 8 53 6 73 3 30 7 63 14 76 16 62 17 14 10 30 18 31 11 89 15 28 13 92 4 3
20 6 64 10 46 7 81 14 38 9 46 18 69 11 10 20 27 19 36 5 94 15 53 12 31 4 15 13 59 3 31 17 6 16 1 2 28 1 43 8 92
20 9 27 1 78 5 10 16 19 3 89 15 91 19 42 17 13 12 75 18 2 7 36 8 14 6 59 4 14 14 9 10 34 11 3 2 85 20 44 13 94
20 6 8 14 90 2 38 7 23 18 69 9 34 1 13 8 62 11 38 17 74 16 67 13 45 3 62 20 32 15 86 19 59 12 84 10 66 5 37 4 52
20 17 45 16 30 19 23 3 7 15 92 1 72 13 34 7 63 4 68 12 36 10 75 18 10 20 27 14 89 6 31 9 88 8 46 2 36 5 71 11 23
20 19 72 13 36 10 5 6 98 12 38 7 99 20 92 15 92 2 63 5 20 18 42 17 77 4 71 9 3 14 80 16 95 11 84 3 32 8 32 1 66
20 3 63 4 15 14 66 1 16 10 51 8 26 20 24 18 78 9 54 2 66 15 51 19 30 7 37 17 72 6 77 16 11 13 33 11 30 5 36 12 24
20 8 78 15 75 17 35 6 10 20 81 9 1 2 28 4 58 12 80 1 61 18 52 16 74 3 17 10 11 19 64 14 69 11 27 13 92 7 79 5 89
20 11 25 18 19 12 53 10 36 20 53 2 27 16 8 5 23 19 86 15 31 8 2 17 95 13 53 3 29 6 35 1 28 14 1 9 71 7 57 4 56
20 9 11 3 56 18 64 20 45 11 96 15 94 14 48 17 79 13 48 12 58 7 32 19 58 4 13 10 95 6 39 1 21 5 18 8 83 2 45 16 69
20 11 88 12 25 8 9 19 83 18 12 15 79 17 41 2 89 10 93 9 46 3 24 13 41 4 59 20 56 16 19 6 12 5 34 1 80 14 81 7 51
20 6 22 12 49 10 73 19 59 13 48 9 76 3 78 15 69 2 66 16 27 8 73 7 46 17 42 1 53 5 62 11 39 20 15 18 4 4 76 14 53
20 13 96 8 91 17 71 6 60 7 60 16 60 18 44 1 18 14 82 9 90 20 77 11 93 3 24 5 6 19 77 15 56 10 82 4 15 2 85 12 41
20 10 4 5 8 18 10 15 4 11 23 1 17 19 33 3 50 14 24 17 12 7 29 20 65 13 43 9 68 4 66 8 82 12 22 2 89 16 58 6 25
20 6 4 14 14 2 62 15 43 1 49 7 18 20 91 4 83 8 53 11 35 10 79 5 62 12 42 19 17 18 62 3 39 16 76 17 43 9 9 13 39
20 5 1 1 98 14 77 3 28 2 3 4 8 16 43 13 53 12 4 7 80 10 81 19 98 6 61 9 91 20 32 17 65 18 52 15 29 8 49 11 1
20 11 40 2 89 16 65 18 30 10 23 7 47 19 97 5 28 20 3 8 5 14 4 6 85 4 34 12 24 1 87 15 63 9 54 13 54 3 27 17 95
20 11 50 12 24 14 37 8 99 5 14 18 99 4 25 10 64 20 73 15 64 7 24 3 86 16 10 17 76 13 56 19 81 9 62 6 49 2 19 1 78
20 8 73 5 76 6 31 13 4 10 10 14 24 4 67 18 57 12 25 17 72 9 30 20 31 11 79 15 13 19 41 7 85 16 79 1 61 3 45 2 3
20 19 72 7 49 20 50 10 95 18 81 11 80 15 50 16 41 17 48 1 68 12 15 6 29 14 68 8 83 3 72 4 25 13 56 2 19 9 80 5 60
20 7 68 16 30 8 38 15 23 6 5 9 65 3 1 10 18 18 61 12 51 20 44 13 64 11 98 2 99 19 64 17 87 14 90 4 66 1 99 5 7
20 10 94 5 60 8 19 19 40 6 46 2 7 14 7 11 86 16 32 4 3 3 25 20 89 13 59 12 69 18 89 15 65 1 9 7 77 17 35 9 42
20 17 93 20 83 14 79 19 36 2 15 4 44 10 45 9 11 13 47 12 2 11 84 1 51 16 26 8 62 3 54 6 71 5 86 7 64 18 61 15 38
20 8 88 5 37 18 37 13 36 16 59 2 14 4 89 6 93 12 6 15 47 9 44 14 1 20 82 11 84 19 50 7 21 10 4 17 20 3 98 1 37
20 17 65 9 4 13 98 20 29 19 22 8 1 5 70 14 89 7 73 15 5 18 15 4 33 11 23 2 63 10 20 12 28 1 31 3 62 16 90 6 53
20 15 5 5 51 13 90 20 91 18 24 10 98 19 31 9 90 6 3 14 56 7 5 3 41 11 75 16 57 2 49 12 75 4 1 1 66 8 65 17 58
20 16 85 9 43 18 95 10 42 20 50 19 32 11 37 1 8 6 68 8 82 7 78 14 11 13 45 4 32 5 66 12 41 2 53 15 91 17 65 3 88
20 17 87 10 16 13 43 14 86 7 67 6 82 12 70 19 65 18 56 5 53 11 22 1 17 4 94 16 61 2 69 8 73 9 33 15 69 20 36 3 64
20 17 85 11 6 8 31 16 23 10 33 4 4 15 69 6 61 2 50 12 27 13 25 19 10 3 26 20 26 5 42 1 9 18 72 7 30 9 91 14 83
20 11 44 7 77 19 51 15 49 3 37 8 20 18 69 9 95 6 84 2 43 5 86 16 86 13 57 4 29 12 70 14 94 10 38 1 39 20 61 17 60
20 17 37 4 22 3 56 12 88 8 95 15 19 10 92 16 64 2 25 7 69 11 37 19 9 1 82 20 67 6 90 14 52 9 64 18 25 13 62 5 39
20 5 68 14 36 4 85 16 37 20 66 11 31 19 35 12 97 15 76 17 22 2 45 3 80 10 90 7 48 6 5 8 56 9 50 13 66 18 54 1 53
20 5 86 4 21 19 36 3 42 1 67 18 38 15 28 9 58 16 41 14 1 10 67 17 45 2 25 6 18 20 12 12 71 11 49 8 28 13 21 7 52
20 13 93 15 97 6 35 3 71 4 62 10 49 8 81 12 60 14 64 11 50 5 33 19 39 1 7 16 44 2 53 17 20 9 96 18 49 20 23 7 70
20 14 15 1 22 12 40 9 12 19 19 18 5 11 32 20 85 17 48 16 46 7 97 2 4 6 97 5 95 15 90 3 2 13 69 10 95 4 68 8 18
20 4 52 1 57 14 67 9 67 6 91 2 82 8 86 5 29 18 8 12 35 11 65 13 13 3 92 20 28 17 77 10 99 15 30 7 16 16 31 19 35
20 8 85 20 24 16 60 6 60 4 89 2 99 13 88 12 15 5 45 1 60 9 38 17 44 18 38 3 4 11 95 19 27 10 27 7 15 15 76 14 53
20 10 15 20 64 9 29 4 72 18 98 11 73 17 28 14 25 12 35 15 57 1 26 16 38 2 42 13 19 8 75 5 2 3 86 7 46 19 84 6 5
20 20 57 14 4 12 83 7 13 3 80 13 45 8 6 15 46 1 63 16 94 9 54 18 69 17 69 19 43 2 62 4 6 6 15 10 35 11 62 5 44
20 9 57 11 67 18 80 17 80 19 61 10 84 16 90 2 63 6 26 7 98 3 94 4 92 8 84 1 16 20 24 13 67 12 47 14 35 5 79 15 99
20 12 63 9 45 11 49 8 38 1 32 16 87 6 41 18 33 20 18 19 40 17 50 3 84 4 36 15 99 7 77 10 16 2 52 14 20 5 60 13 66
20 12 1 15 24 14 37 2 54 10 39 6 50 8 38 19 79 5 88 3 35 20 58 16 77 1 43 18 98 13 52 7 73 17 45 11 45 4 84 9 80
20 7 26 16 9 20 92 17 70 6 87 13 33 12 14 5 83 1 34 3 98 4 5 9 99 11 93 8 94 2 43 18 36 15 26 19 11 10 28 14 16
20 13 19 16 58 15 30 4 72 2 39 3 27 10 18 12 44 17 20 7 87 11 82 18 51 9 78 19 20 5 19 14 36 1 42 6 75 20 85 8 95
20 7 41 10 46 11 81 12 17 13 25 19 80 1 41 5 29 2 99 3 14 14 28 9 25 17 58 8 24 4 59 15 45 6 17 20 53 16 16 18 86
20 4 30 3 3 9 28 20 92 16 87 14 28 7 30 5 69 15 20 17 94 11 97 6 91 18 5 8 16 12 88 19 47 2 66 10 67 13 15 1 29

insa:
3310
346 762 782 122 64 885 85 365 166 382 725 204 147 608 967 929 849 328 470 656 230 632 314 256 810 831 913 532 957 54 693 415 18 874 119 753 458 577 298 276 499 598 678 39 560 517 440 200 720 1000
81 363 904 945 143 67 506 11 402 806 227 25 649 385 546 868 786 525 288 309 246 48 969 670 711 772 494 689 733 189 210 833 118 635 574 178 617 755 595 897 478 358 138 279 855 439 935 997 339 460
262 348 164 946 683 982 201 125 665 845 724 487 384 307 653 90 744 910 930 892 970 511 592 153 712 254 871 73 233 115 291 31 432 776 333 793 475 814 535 578 837 419 376 459 559 20 198 640 620 59
2 781 944 42 682 981 447 703 646 202 722 68 824 805 169 386 547 355 526 427 745 228 510 368 931 893 113 29 633 872 413 193 134 614 572 293 273 674 975 476 498 597 779 919 856 338 319 100 260 160
1 342 442 701 582 502 123 542 721 381 87 988 425 928 567 909 968 248 110 655 809 630 408 955 671 190 774 788 51 75 315 372 33 615 751 334 836 297 179 277 537 500 899 879 219 240 159 860 480 700
361 41 101 22 443 301 184 141 906 505 925 224 804 785 485 648 324 887 12 609 89 743 869 626 548 669 589 472 71 773 734 255 175 412 133 992 393 715 958 695 296 275 536 977 438 215 857 840 360 580
921 961 462 662 8 63 844 351 481 103 144 186 950 987 168 625 325 366 406 91 49 771 591 390 312 870 28 456 690 611 131 658 213 431 569 714 271 740 916 895 556 259 838 538 818 300 239 518 798 760
441 221 801 283 643 541 884 503 65 9 322 666 483 847 424 907 88 148 206 685 566 356 610 311 251 747 369 787 410 474 974 738 132 30 534 835 994 873 716 177 636 120 934 278 599 960 199 780 58 399
261 861 121 602 882 823 983 764 66 784 86 105 451 226 486 562 146 354 306 668 728 14 528 953 588 209 972 551 330 851 932 258 176 290 811 32 56 194 659 717 417 394 757 437 637 697 379 479 920 520
341 821 501 183 102 445 62 905 622 962 947 645 604 464 303 866 488 244 205 171 405 586 15 527 428 731 687 746 391 371 289 234 713 55 95 575 136 274 896 557 778 337 817 677 38 796 158 858 998 939
281 345 862 661 642 401 883 421 241 767 963 265 508 607 70 466 951 107 149 453 706 493 17 826 991 531 631 370 554 737 593 691 791 332 34 750 573 97 933 237 316 918 815 137 180 197 218 57 859 400
901 82 881 282 302 843 763 45 185 948 422 449 10 964 243 684 927 490 170 650 357 708 389 549 627 530 471 808 229 829 112 27 748 736 129 790 270 414 77 373 995 616 576 514 675 596 877 157 220 340
941 182 5 444 321 583 741 544 623 846 167 353 305 926 563 965 651 492 388 47 529 807 152 269 253 114 739 834 513 792 613 292 915 673 777 435 78 418 36 477 876 238 718 217 99 380 699 900 999 140
21 362 903 61 6 761 842 446 349 702 783 142 423 104 507 986 624 203 383 523 267 730 92 329 590 971 828 552 473 568 174 257 411 956 612 52 749 236 135 497 195 696 676 898 660 299 878 320 820 940
902 581 344 943 364 222 7 165 664 647 286 484 742 23 848 989 266 727 308 467 454 686 709 550 250 111 188 126 830 211 155 430 53 775 570 894 416 98 618 336 976 638 516 398 80 797 819 937 540 880
942 601 922 162 44 644 124 803 704 482 985 69 545 886 867 403 770 326 387 729 468 16 850 247 310 151 509 93 688 232 912 832 117 533 634 672 433 457 594 295 754 35 196 359 216 377 979 579 799 280
681 161 621 641 521 350 924 949 223 864 450 323 561 769 287 13 990 150 469 891 268 710 827 252 732 313 973 128 496 74 116 192 94 812 214 434 853 917 795 756 558 619 396 420 600 378 680 40 519 60
343 4 263 863 603 448 766 543 242 285 465 667 145 489 726 888 106 172 404 585 426 327 952 825 208 629 231 657 50 130 789 191 914 993 571 96 852 813 375 515 37 318 79 758 397 698 539 980 936 719
181 3 461 347 163 43 84 663 765 504 284 723 865 304 606 24 966 652 565 908 524 890 707 587 109 455 249 628 407 954 72 495 127 392 212 235 692 555 156 374 272 752 335 436 854 816 996 839 938 800
841 822 83 264 802 463 923 46 984 605 352 225 452 768 522 564 889 584 173 654 108 491 705 207 245 367 187 911 26 553 409 154 735 331 429 512 76 694 294 794 875 19 395 317 959 978 639 679 139 759

