100 20 2000
20 11 63 18 84 19 3 3 53 1 1 20 35 16 20 6 43 5 43 10 85 15 23 2 21 14 10 4 77 8 83 17 27 9 35 12 18 13 44 7 39
20 7 97 11 48 1 63 4 76 18 18 10 9 20 75 6 36 5 72 13 79 15 99 19 94 8 46 9 16 16 33 12 42 14 65 3 98 17 30 2 50
20 6 64 2 48 16 93 5 47 14 81 12 31 10 54 7 89 20 22 9 63 1 58 13 25 11 64 18 82 17 61 3 64 19 38 4 17 15 27 8 70
20 11 32 20 72 15 42 1 83 3 2 13 33 14 29 5 90 12 35 6 91 9 26 16 85 8 72 17 19 2 95 7 5 10 39 4 75 19 83 18 70
20 13 90 15 76 17 27 2 88 12 59 5 95 8 51 14 22 16 79 9 30 19 10 18 91 10 74 11 4 3 36 7 98 20 54 6 33 1 2 4 22
20 14 71 15 99 11 22 12 64 2 30 3 11 16 94 5 14 4 83 7 47 18 48 20 45 19 39 13 7 17 32 1 2 9 93 6 40 10 14 8 48
20 2 80 11 46 17 4 8 45 4 64 3 19 13 85 18 39 6 78 7 62 19 69 10 65 16 82 1 75 12 40 14 15 9 68 5 11 15 44 20 3
20 10 95 14 89 11 98 15 75 5 27 13 74 3 20 19 57 1 53 12 94 8 17 4 78 20 21 2 99 18 31 9 99 17 86 6 20 7 80 16 86
20 3 21 4 52 7 56 16 22 14 19 6 84 12 96 19 57 5 31 8 39 1 13 11 6 10 58 18 32 13 41 2 47 15 13 20 30 9 44 17 80
20 1 71 6 31 16 17 4 53 19 85 8 48 15 52 10 34 17 39 20 84 3 2 7 31 12 57 13 63 14 1 5 57 2 30 9 61 11 72 18 17
20 15 14 19 98 14 44 3 10 9 53 11 72 20 65 16 49 10 21 4 84 2 94 18 99 6 61 5 64 17 29 13 98 7 55 12 71 8 43 1 64
20 12 14 17 74 16 57 5 81 10 40 11 7 8 85 6 32 3 35 9 34 14 41 15 79 13 80 7 1 20 95 2 25 1 43 19 19 4 98 18 48
20 9 42 20 71 6 9 13 26 11 3 16 3 4 31 5 3 14 40 10 21 18 69 2 89 17 94 3 94 15 59 1 9 7 71 12 53 19 45 8 75
20 6 72 11 86 15 22 8 71 4 22 14 8 17 73 12 15 16 90 7 40 18 1 13 4 5 81 9 10 2 83 1 32 10 89 19 4 20 53 3 38
20 3 52 4 45 16 43 15 9 20 90 8 40 12 26 5 52 17 22 11 9 18 34 10 94 13 69 2 28 6 29 9 62 1 63 7 99 19 97 14 14
20 19 81 13 50 10 9 18 27 15 91 3 53 4 93 17 64 16 23 8 42 14 77 5 50 1 84 9 13 12 90 20 84 2 81 7 60 6 92 11 72
20 17 87 13 4 5 56 19 40 4 55 18 29 8 31 3 29 14 39 6 38 10 94 20 40 15 88 11 1 1 3 9 46 12 36 2 44 7 92 16 34
20 7 62 8 95 9 69 16 29 3 45 4 77 12 34 19 59 1 90 5 83 10 83 18 72 20 98 14 53 13 84 11 94 17 71 2 49 15 17 6 28
20 9 66 7 24 18 74 13 73 16 77 6 75 1 66 4 14 17 21 8 8 10 1 14 39 11 76 5 14 15 70 12 20 2 20 19 66 20 23 3 74
20 10 54 6 35 1 58 7 72 4 98 12 62 14 68 16 87 2 21 8 67 15 9 3 12 18 45 9 36 17 43 19 3 13 28 20 24 5 70 11 45
20 16 78 8 28 7 60 10 69 19 87 4 34 1 70 20 2 17 83 11 94 13 22 12 62 5 37 3 48 9 20 15 5 18 13 2 75 14 40 6 27
20 10 92 12 78 11 84 4 97 14 77 18 84 3 58 1 85 13 40 9 56 2 55 7 63 5 43 8 36 20 52 16 43 17 2 15 9 19 74 6 80
20 10 53 19 85 15 79 20 79 1 26 9 4 12 19 11 11 13 11 4 71 8 6 17 67 18 26 6 3 16 10 2 74 7 60 5 77 3 34 14 40
20 1 23 12 34 3 1 2 83 13 95 6 19 15 44 5 40 17 22 11 58 18 72 10 18 4 23 9 16 14 91 8 37 16 25 7 4 20 92 19 90
20 10 93 8 28 1 48 3 30 2 90 12 23 4 73 15 21 20 29 13 23 14 44 5 94 18 28 19 81 11 53 7 87 6 68 16 1 9 39 17 46
20 17 90 16 58 19 7 10 86 9 88 5 64 14 9 7 78 13 74 11 42 12 93 4 15 6 32 1 77 2 42 18 27 20 9 3 3 15 69 8 16
20 20 44 11 60 6 21 4 87 3 65 1 8 14 65 19 42 9 31 5 43 7 50 8 54 16 41 10 79 18 80 15 89 17 18 2 45 12 57 13 17
20 4 53 20 89 17 59 9 68 5 58 18 58 12 74 3 46 11 54 14 76 8 66 16 3 2 79 7 75 1 13 19 85 6 52 15 27 10 61 13 2
20 5 74 8 28 17 29 12 82 10 3 7 31 15 73 4 47 19 16 11 54 20 63 1 27 14 11 2 79 3 41 9 65 16 76 13 61 6 43 18 28
20 11 3 16 18 15 48 5 20 9 65 19 42 4 55 14 40 18 17 6 12 13 9 8 32 7 70 3 26 10 44 12 33 20 82 17 6 2 37 1 3
20 16 78 8 33 5 61 15 81 2 18 18 75 1 16 10 31 19 24 3 1 11 36 17 88 9 57 20 37 12 7 6 76 13 40 7 79 14 67 4 19
20 18 20 14 36 9 67 10 64 11 51 6 56 20 29 1 15 15 49 7 72 3 87 13 77 12 5 19 78 17 32 4 18 16 83 8 53 2 84 5 15
20 10 55 9 94 8 78 16 85 2 21 3 5 19 17 6 96 5 19 4 72 20 2 1 62 7 18 18 23 15 64 14 63 12 90 11 52 13 9 17 16
20 11 82 20 20 2 50 7 21 5 57 14 9 13 49 1 5 12 14 15 71 6 47 10 35 3 8 8 92 4 73 9 67 19 66 16 93 18 48 17 65
20 9 82 20 40 5 14 19 51 13 86 12 8 15 25 3 76 11 41 1 10 17 60 10 96 2 68 7 8 6 79 18 18 8 75 14 35 16 31 4 14
20 20 45 5 2 12 94 1 4 17 27 13 72 19 76 4 62 16 9 2 14 15 7 3 69 7 48 10 79 11 52 6 4 8 55 18 75 14 62 9 93
20 20 13 14 63 5 75 1 67 10 26 11 59 4 81 9 55 15 66 19 28 2 49 3 16 16 69 18 3 13 13 7 72 6 76 17 96 8 63 12 38
20 6 36 2 83 13 3 4 10 1 47 15 65 8 26 10 62 19 45 3 55 20 73 5 30 7 86 14 53 18 60 16 41 9 54 17 33 12 40 11 20
20 11 61 13 28 1 53 18 79 17 62 6 87 10 44 15 21 20 22 9 67 7 8 14 52 5 43 2 8 16 84 3 26 8 86 4 62 12 11 19 74
20 9 14 3 1 19 30 10 74 7 2 5 87 12 31 1 84 6 42 11 11 18 90 17 42 4 34 20 14 8 13 15 75 14 50 13 61 2 10 16 76
20 6 22 13 58 20 38 8 14 10 96 15 76 16 27 11 16 1 69 17 49 14 35 19 93 4 48 9 43 18 62 5 34 7 44 2 51 12 86 3 50
20 5 37 19 48 8 87 13 78 18 6 14 77 20 98 1 66 10 33 9 73 4 67 6 29 3 77 11 95 7 40 15 23 16 69 12 1 2 27 17 8
20 20 64 14 87 7 50 8 60 10 50 19 12 16 33 6 45 17 16 12 55 1 88 18 88 2 25 13 33 4 15 9 2 3 44 5 75 11 61 15 67
20 1 20 20 95 15 27 3 69 14 11 13 23 4 34 16 8 18 64 8 63 5 73 12 58 10 33 11 26 2 84 9 4 7 82 19 35 17 30 6 51
20 3 42 8 63 11 68 1 93 13 46 17 60 2 40 14 3 10 73 9 87 20 52 16 70 15 35 18 92 5 19 4 40 7 48 19 41 12 70 6 13
20 8 53 16 55 12 32 7 60 19 40 14 16 3 5 13 53 11 68 20 43 18 67 6 60 17 38 15 23 5 2 4 67 10 42 2 25 9 80 1 1
20 12 84 8 99 20 77 6 51 2 23 16 77 14 73 18 1 3 65 1 36 10 88 9 11 7 80 13 85 4 51 11 26 17 5 5 83 19 20 15 60
20 13 21 14 12 3 94 4 8 16 14 8 34 12 4 9 58 1 60 20 51 6 45 19 95 2 21 7 92 17 90 18 77 5 13 15 51 10 94 11 33
20 16 75 1 85 3 81 20 81 14 92 10 96 15 86 12 91 5 97 11 12 8 15 17 11 9 84 18 27 6 33 4 1 19 87 13 55 2 32 7 8
20 5 20 11 71 10 64 1 85 6 49 12 6 15 52 4 85 14 15 9 47 18 5 2 23 19 40 16 46 13 48 8 87 7 92 3 54 20 83 17 2
20 4 74 7 32 6 15 1 93 16 14 3 41 14 97 2 83 12 29 5 93 20 30 10 98 19 15 18 48 17 31 9 40 11 36 8 53 13 26 15 99
20 8 59 15 66 17 28 20 26 12 65 13 95 16 54 7 23 9 25 19 3 6 84 1 72 5 56 14 94 18 92 10 15 11 41 3 27 2 46 4 52
20 8 99 16 7 9 33 19 90 14 82 18 16 15 81 11 80 20 75 10 92 2 93 6 49 3 14 1 16 5 49 13 88 7 51 12 50 17 11 4 34
20 8 43 14 35 5 91 4 90 1 34 11 70 13 22 2 26 17 55 20 34 7 55 15 34 3 68 16 99 9 24 18 40 6 25 19 60 12 13 10 82
20 19 68 3 48 15 64 12 76 7 15 10 23 6 62 13 26 2 39 11 52 14 6 1 47 5 39 18 81 4 47 9 98 8 25 17 58 20 67 16 46
20 11 17 5 35 10 85 2 15 20 85 18 46 19 5 8 73 13 63 7 97 16 21 4 34 3 59 14 2 17 64 6 88 1 22 12 17 15 47 9 77
20 10 81 3 60 6 17 16 25 13 46 18 80 19 15 2 31 9 60 11 28 12 41 1 35 5 20 15 81 20 40 4 51 7 14 14 36 17 30 8 75
20 4 21 16 93 10 89 20 15 12 8 18 92 11 19 7 19 9 45 17 46 5 97 14 6 3 42 13 60 15 10 2 37 6 97 1 2 8 51 19 56
20 20 60 16 82 19 95 6 92 18 2 15 78 17 86 2 66 10 92 1 93 7 39 13 58 4 57 11 6 14 18 12 98 8 52 5 83 9 36 3 60
20 12 55 6 94 13 93 8 65 5 33 2 22 18 38 19 45 9 18 16 7 11 49 3 81 10 16 4 2 15 67 7 8 1 34 20 49 17 69 14 35
20 16 28 18 2 19 78 2 54 4 14 7 47 20 71 15 72 17 51 14 83 10 24 12 13 1 11 6 21 5 71 3 78 13 68 11 84 8 47 9 7
20 6 17 18 85 3 94 14 95 5 11 20 58 19 75 2 70 13 64 17 16 11 73 12 22 9 17 7 45 8 74 4 83 1 72 15 13 10 47 16 79
20 13 42 8 37 17 72 10 16 7 53 9 5 19 62 15 88 6 35 18 85 5 58 14 58 20 7 12 81 11 88 1 74 3 75 2 67 16 71 4 58
20 20 39 3 5 8 92 4 68 9 34 17 92 10 17 19 33 2 9 11 55 12 49 6 49 13 12 1 24 7 92 15 70 14 41 18 37 5 15 16 22
20 6 75 8 34 4 69 13 48 15 7 9 16 2 27 20 71 18 11 12 48 10 3 19 39 3 98 1 2 11 39 17 2 5 11 7 68 14 75 16 49
20 13 88 4 16 1 66 10 34 16 2 7 5 9 73 17 25 18 98 20 57 8 46 15 91 11 82 19 51 12 1 14 41 6 57 3 67 2 28 5 67
20 17 37 9 46 19 1 4 87 14 55 10 25 11 43 7 10 5 27 12 6 6 91 13 2 18 50 15 94 8 1 20 47 1 79 3 24 16 64 2 11
20 14 32 1 24 4 84 15 13 7 11 6 98 9 74 12 84 5 82 10 99 13 4 8 98 19 65 17 7 18 88 2 25 11 68 20 93 3 73 16 32
20 15 42 14 76 19 43 2 24 12 92 9 40 3 36 7 52 16 59 13 63 6 15 20 54 18 70 4 86 17 48 5 62 10 20 11 49 8 15 1 15
20 20 42 16 31 6 80 11 43 13 80 14 23 1 89 4 59 7 19 12 54 17 15 10 18 18 89 9 47 2 38 15 21 3 87 8 66 5 76 19 62
20 16 54 12 53 13 19 20 55 2 83 8 72 14 13 7 83 18 54 19 28 11 22 15 89 1 13 10 73 17 24 6 12 9 82 3 15 4 78 5 94
20 5 18 17 3 10 84 7 89 14 89 1 73 8 5 19 57 11 38 18 9 9 77 16 17 20 14 4 32 3 28 15 15 6 33 13 48 12 49 2 40
20 4 48 13 33 5 79 1 42 11 25 3 9 8 25 2 1 18 50 16 55 7 97 12 96 20 18 9 25 6 24 10 77 14 24 17 52 15 37 19 88
20 9 57 1 50 17 64 3 89 20 10 5 80 6 63 7 6 16 32 10 34 8 34 2 68 13 5 14 76 18 77 12 86 4 67 15 76 11 81 19 51
20 11 75 18 91 19 97 8 14 4 62 15 40 6 43 3 16 1 93 2 55 7 4 5 25 20 29 10 45 9 83 17 46 16 31 13 13 12 57 14 68
20 6 64 4 75 3 35 10 71 2 38 9 54 12 36 14 71 1 66 15 72 11 58 13 20 17 67 8 69 5 46 7 68 19 93 18 39 16 48 20 77
20 14 59 1 34 15 6 7 76 12 13 13 59 6 95 8 78 19 66 11 92 10 89 20 77 18 66 5 16 17 7 4 75 2 97 3 7 16 81 9 13
20 9 10 3 38 7 29 8 38 20 27 12 8 10 59 14 60 11 36 5 86 15 39 19 19 4 84 6 50 16 65 13 58 2 62 1 71 18 22 17 6
20 6 6 19 32 15 38 4 53 1 59 16 33 12 5 10 37 7 85 3 33 2 47 5 70 9 6 13 32 18 86 14 26 11 36 20 64 8 78 17 16
20 7 60 19 4 16 44 17 14 10 45 14 83 2 7 15 75 4 86 18 88 20 25 1 85 13 99 6 80 9 50 3 91 5 14 12 87 11 73 8 72
20 1 92 18 25 7 93 13 30 12 9 17 86 19 79 6 71 10 5 9 47 14 61 3 78 4 76 8 71 16 98 5 34 15 23 11 82 2 53 20 21
20 17 91 10 81 3 70 15 36 2 96 16 23 18 55 8 93 4 86 6 15 5 19 12 18 7 66 19 44 9 58 20 62 11 54 14 79 13 11 1 49
20 5 62 11 77 1 9 15 4 3 80 12 25 2 16 4 95 13 30 10 57 19 40 7 81 16 3 14 28 8 45 9 59 20 94 6 31 18 91 17 55
20 18 85 15 23 11 78 5 68 10 59 3 9 4 71 16 92 12 50 1 38 17 35 2 31 6 91 8 57 14 70 9 60 7 73 19 39 20 76 13 60
20 18 61 12 77 1 22 8 43 14 66 11 47 5 53 17 97 16 91 10 64 2 93 4 46 6 20 7 90 13 58 20 36 19 98 3 70 9 49 15 92
20 4 35 12 56 11 45 20 15 8 79 16 66 7 55 10 1 18 89 14 29 17 98 9 31 3 45 15 51 5 83 19 7 2 76 13 5 6 78 1 77
20 16 8 13 58 19 24 8 62 14 77 12 38 3 9 15 6 6 88 17 23 4 9 18 12 10 9 2 65 7 68 5 57 1 38 20 15 11 98 9 55
20 14 96 18 28 15 52 19 91 6 9 9 15 17 44 12 69 4 99 8 15 16 65 3 9 10 27 2 56 13 70 5 39 1 21 11 59 20 2 7 15
20 8 98 5 84 4 44 2 10 19 84 13 78 3 19 14 80 10 28 15 19 9 58 6 76 7 49 17 88 12 42 20 78 1 78 16 91 18 83 11 29
20 3 18 20 40 12 21 7 8 18 31 16 56 1 56 14 78 8 45 9 31 11 79 4 47 13 73 17 66 5 27 10 98 6 73 15 79 2 74 19 8
20 9 95 4 2 18 41 17 46 2 19 15 35 3 41 1 82 5 77 10 3 8 52 19 15 14 12 13 3 11 30 6 93 7 96 16 68 20 73 12 67
20 18 92 14 60 8 45 13 65 19 5 9 81 15 21 7 2 4 71 3 57 17 18 10 2 12 60 6 41 11 43 1 36 20 75 16 55 2 79 5 38
20 16 35 13 6 6 5 20 4 12 39 9 43 7 76 1 83 17 38 10 47 15 3 3 68 11 58 2 49 4 99 5 20 18 9 19 39 8 11 14 9
20 12 38 3 56 7 65 6 54 20 95 4 6 19 8 9 53 1 9 8 44 11 39 13 18 16 77 15 6 2 43 17 26 5 54 18 64 14 43 10 71
20 2 75 5 31 17 51 15 95 14 50 8 98 10 80 3 38 9 99 6 78 4 83 7 38 16 4 11 68 12 44 1 95 13 77 18 16 19 89 20 52
20 6 10 1 41 4 52 10 97 3 55 18 50 20 48 7 87 15 97 19 1 11 27 16 69 5 4 14 75 9 59 2 50 8 22 12 73 13 73 17 57
20 13 8 7 62 4 24 9 29 17 87 14 72 1 34 2 23 19 35 10 1 12 4 16 42 6 90 3 23 5 25 18 62 11 46 20 14 15 79 8 1
20 10 13 5 96 11 43 9 92 15 11 1 94 13 5 18 34 19 38 20 68 12 70 8 65 14 62 2 9 17 35 3 94 6 12 7 30 16 91 4 63
20 3 33 8 14 16 79 6 24 10 11 7 5 9 22 5 61 13 27 1 88 4 4 17 78 12 62 15 72 20 56 14 18 19 62 2 47 11 27 18 94
20 2 34 4 6 13 61 16 60 9 48 7 2 14 64 8 27 6 16 15 71 19 71 5 47 10 52 20 73 12 42 11 99 3 5 18 72 17 43 1 27

insa:
6030
461 1902 1342 1601 1683 1522 1462 962 1444 23 763 984 1303 526 5 383 64 788 1004 1643 884 1565 861 745 628 1787 1092 407 1387 949 1946 704 1132 445 724 607 349 1808 181 1869 1413 483 1032 1294 851 51 1670 149 809 1509 367 1065 572 1836 668 1592 652 1970 555 1489 1213 828 1237 930 297 428 1927 1117 313 690 1426 1848 1197 1170 1777 1896 1256 134 514 256 171 116 276 1054 1337 1158 1274 1737 237 335 920 600 220 2000 1757 1640 1380 99 1558 1720
1881 121 464 42 1448 1981 1587 84 1805 1405 1128 1104 742 1089 1287 605 1204 645 1764 1505 887 1571 1008 1228 925 918 992 1364 1472 1625 663 275 456 485 105 1875 1647 211 12 1672 731 953 1691 1068 553 710 774 599 1839 574 294 1269 1186 1490 1156 818 1168 252 1928 418 1395 431 853 154 799 1734 377 389 1717 1954 1916 875 538 639 236 1978 1051 515 75 1754 839 1854 1319 693 1258 1356 1340 1440 1039 358 197 317 338 176 1537 979 1557 1619 1799 40
782 1542 161 1781 463 1082 281 881 1862 204 1122 963 1446 1961 525 4 345 306 65 1503 1223 907 943 1464 1666 1006 1807 1623 646 126 1645 1570 864 548 1262 594 610 1830 1367 1293 1767 147 631 1905 484 1153 1888 414 106 750 1113 229 732 1713 673 427 1488 712 688 1612 575 929 1073 1727 776 56 1216 328 1192 1997 1418 833 1397 857 1934 998 254 191 1698 1596 392 1956 1257 1752 1852 1435 459 820 95 1053 1318 1338 1038 38 518 1180 380 280 1359 1538
1701 1141 1441 541 1903 162 1302 1343 1802 282 1564 1324 524 24 587 1982 1001 1502 265 125 1283 406 1763 346 744 944 1667 1589 988 1205 1829 916 210 1485 867 1866 1064 1923 568 450 247 424 307 184 727 385 487 473 1112 1648 636 368 1792 1264 650 1692 708 813 1136 325 1477 1236 1971 1388 1613 152 831 793 14 1731 675 1194 1891 976 855 1419 109 1095 1629 1749 1173 512 935 1434 58 1553 778 896 620 1536 1374 78 1040 1855 239 1260 700 1060 1960 100
981 1641 561 1942 584 1443 1882 702 1102 821 786 1063 468 1421 44 1664 603 1762 530 545 68 29 1225 86 1466 9 915 145 1093 1687 723 1133 683 1572 273 1151 1010 248 413 350 506 1809 1297 1992 1251 1329 224 1877 665 1968 649 323 752 288 871 773 1349 492 816 1515 1185 1215 969 374 108 1492 312 1913 1033 1550 1715 458 1935 433 1420 858 957 169 1616 1736 214 1631 1597 1534 1795 938 1055 895 399 1399 1178 196 1376 1756 1856 1279 640 1840 138 1320
1901 1561 261 1281 1383 1221 1843 801 41 523 382 1123 1501 466 1346 741 1164 985 590 1864 1003 8 1249 1087 28 789 626 1527 912 166 1467 924 1031 129 766 1989 1964 243 848 1182 182 70 454 648 1371 1608 951 1834 616 366 1745 1816 228 1772 1673 671 1693 1487 1416 1890 1331 557 1214 295 1594 1729 1116 832 716 1455 975 1933 1077 330 1272 1630 213 158 513 737 579 1317 1052 1437 1157 118 1554 1957 1719 440 695 1658 1797 497 420 319 880 98 900 360
1581 1543 21 1245 1784 403 341 785 1345 362 163 904 1863 1306 1524 1002 1085 384 593 1424 1986 531 1603 1847 1569 1828 1707 1408 1468 1028 1148 1206 843 270 566 1922 630 1451 130 1368 48 1234 664 1110 1328 1966 457 1298 508 1908 771 1773 753 653 618 554 478 1652 1071 817 954 1389 1694 1516 1491 1137 713 1677 933 997 1196 1892 432 1817 110 192 1171 234 736 1735 298 835 257 1633 76 877 159 897 217 694 1958 496 1057 1275 318 96 339 980 1760 20
901 1242 1021 1544 1061 1761 402 1684 124 342 1447 1962 562 1282 882 264 602 643 804 592 1705 1041 922 1823 946 532 1406 823 1886 87 1108 1484 1528 844 1471 1988 482 286 1724 451 1789 1263 1870 747 870 1235 1952 1811 551 227 996 370 476 186 1628 1674 674 1514 310 1184 151 1655 638 33 971 1311 327 1614 795 73 717 1140 15 1427 1352 434 1219 390 1750 1917 1097 170 1335 777 1398 60 1579 1159 1177 120 1018 219 739 1600 697 1940 520 1379 260 1859
1541 781 1461 1322 361 1801 585 1246 623 205 642 343 1944 1307 1347 529 544 1846 1985 1129 681 1286 1043 1826 948 241 1029 1149 1506 446 990 919 1924 90 1366 274 1868 505 1233 1790 613 50 1573 71 1610 728 1967 890 1746 474 415 1771 770 230 1712 1265 1889 814 1417 1676 576 296 34 830 1189 973 1394 430 932 314 1454 1595 1656 856 676 1075 1915 17 1096 156 1431 876 394 1495 117 1120 1635 1016 1220 1699 1179 336 757 720 198 499 179 137 1740 1540
1941 441 381 641 1585 1244 1121 784 1547 983 141 303 404 624 1304 26 1622 1423 1665 1086 1103 47 421 1504 1568 1326 1143 481 1708 209 10 917 1470 889 565 534 725 845 608 504 1291 767 1904 1414 1887 805 1810 1832 1965 1609 472 250 1769 748 966 225 132 1993 1690 371 595 1650 672 351 292 188 1211 1267 1531 559 829 1239 1392 931 714 1930 1193 1169 1733 1456 1350 873 1494 1850 1050 331 1012 1753 93 692 77 1880 1036 119 1796 173 277 959 1377 1080
581 1101 61 982 1703 522 761 1943 1384 122 22 1445 1 262 1481 1642 1663 470 883 625 143 206 909 1090 1130 1686 423 1147 661 410 448 103 549 1411 726 611 245 1231 1327 570 1871 1530 1295 53 808 1815 1791 1835 226 1048 1066 290 1511 790 1577 1549 1911 1996 373 689 970 1270 1191 495 715 1218 1255 510 1894 874 1479 1429 1313 834 1174 936 1979 859 172 356 94 1853 1937 1618 1599 1037 1017 400 658 334 1637 1357 1739 960 1378 760 1780 1758 199 320
1702 1682 462 1861 1546 1783 221 1845 903 921 1025 787 1402 1084 986 46 1525 1181 268 85 1567 947 1131 347 1605 422 1145 69 703 547 564 447 1009 1507 1365 1290 412 104 1232 850 1348 1951 1669 1833 486 615 633 1646 1330 287 150 686 669 596 1254 968 1476 167 1212 1995 1726 1775 1390 1452 386 1271 1931 872 1748 1973 315 376 1118 1895 36 193 511 1315 819 1632 1918 838 1176 1598 657 1439 779 218 1079 18 1499 337 135 258 740 1058 759 539 899 1820
1241 81 1442 1301 1842 762 1385 465 302 1125 1722 802 1983 591 1403 941 66 1921 908 1526 1088 743 1284 1824 885 1604 1026 127 364 1947 866 30 272 449 411 706 1229 1473 244 146 1766 1109 1370 1872 632 52 1814 322 1574 490 995 685 1969 667 1067 824 1649 617 1183 1512 1793 1593 293 1154 1332 735 1695 429 1217 854 798 509 1351 233 355 934 1172 578 1273 1897 114 1718 397 216 1438 194 1056 1755 1498 175 1556 1919 19 978 659 1639 1019 560 1680 540
1341 1521 622 1741 842 203 1062 1586 101 1885 142 722 588 527 1685 45 942 266 906 1386 67 1822 1224 1325 1091 165 965 1407 1007 1987 1362 888 865 989 88 1548 1788 1045 1474 1152 249 425 1768 507 550 1508 1813 1252 1611 927 811 666 491 475 1114 1710 573 372 231 772 826 754 1576 1210 1675 1654 1725 311 1425 1926 13 1138 387 797 1034 1914 354 1953 329 1457 1976 1879 656 37 1175 1316 719 619 1299 1200 195 460 419 300 1500 1638 698 1277 136 1860
201 1361 583 1563 1022 82 1083 1344 1884 284 1523 1662 63 467 263 305 1743 1588 1248 1945 1806 987 1644 1166 604 1285 443 629 1624 1827 144 914 102 863 1134 567 1412 746 1990 1486 768 1208 1047 806 1874 488 729 1770 11 967 416 687 670 1510 187 711 1909 1714 31 1072 558 1155 655 1238 1728 232 1478 1312 796 1396 1195 375 1974 536 893 255 1119 391 1851 958 1334 1617 836 1551 59 1436 438 1459 1939 860 940 333 1700 519 1798 1276 177 359 1020 139
1721 1841 582 1583 1382 961 401 902 1142 283 1162 1124 43 344 601 1305 1401 7 1450 1786 223 1984 1005 1201 502 1042 644 945 1566 164 269 1706 533 208 1027 1469 1963 89 1689 847 868 246 1668 1626 926 1369 183 455 1873 1111 807 365 994 552 133 892 107 709 477 1838 309 733 1653 637 72 775 1912 577 1190 35 1932 1240 1074 388 1893 1615 1818 800 678 1751 1432 436 756 1519 837 1300 1555 1339 1497 1778 1259 1959 498 699 1100 1360 1539 1280 340 160
1321 1621 1584 1243 1883 123 83 1023 1463 222 1804 469 1422 321 543 501 765 267 1308 563 886 913 1606 409 705 1688 1150 1167 1925 1230 849 452 612 1296 1831 1209 1415 1671 1876 810 635 369 1115 1711 289 308 598 1069 1513 55 1266 1774 1391 972 189 792 1747 1139 1730 1972 253 955 16 1849 691 1955 537 1794 1458 157 1354 74 937 215 395 115 437 1199 738 1098 1015 1535 357 1496 1000 840 1580 879 39 1375 1999 680 758 660 1660 1059 1920 500 180 1560
1681 621 1661 1602 1785 1742 1803 2 304 363 25 1449 1165 589 764 1222 1126 1821 1202 1482 471 911 1106 546 1146 128 1948 1409 271 991 606 1289 1250 869 1046 535 1627 453 1094 1709 1906 251 1475 1373 1590 928 1878 1575 426 825 291 54 654 755 815 734 417 493 352 1309 1187 326 791 1393 1333 852 974 1732 1518 718 155 1076 1936 956 212 111 1430 1533 393 92 1998 894 1014 1035 1355 1898 679 174 516 1980 696 1659 1779 1857 580 80 1278 240 200 1559
301 1582 783 1562 1081 202 1323 586 1247 1163 3 905 1723 528 822 405 1127 1203 442 503 1825 1044 647 1107 1227 1765 1483 1030 1363 1949 1410 348 1867 993 684 846 609 707 1292 569 1529 1607 148 1991 131 1812 1744 634 749 730 952 185 812 91 324 1651 1910 556 168 1268 32 1188 494 1517 1929 1697 1678 1716 977 1428 1078 677 1353 1480 1977 57 1314 113 378 396 1552 1013 439 1634 939 299 238 878 780 898 1160 278 1400 1460 79 259 1858 1899 480 1800
521 1381 841 721 1782 1704 1545 1161 1844 701 62 1024 285 964 542 6 1261 803 1404 27 1105 627 1465 682 910 207 1226 408 1144 923 862 444 1865 1288 1207 242 662 1950 769 49 1011 1372 950 614 1135 571 489 1907 891 751 1591 1253 1994 651 597 1837 1070 1049 827 1578 479 1310 1776 1696 1453 794 153 1493 353 1679 1532 190 1198 435 1975 235 112 332 1433 1819 1336 999 398 316 1938 1657 1520 1636 1738 379 517 279 1358 1099 178 97 1759 1900 1620 140

