50 20 1000
20 11 75 6 50 3 4 18 34 15 36 20 69 2 52 5 44 9 42 17 12 12 50 4 12 1 71 7 89 8 31 13 14 14 13 19 53 16 43 10 43
20 6 27 14 18 5 70 4 84 20 8 19 62 17 91 3 24 1 94 11 98 12 78 8 90 2 1 16 24 13 96 15 61 10 90 9 67 18 7 7 72
20 11 56 16 84 20 95 10 32 17 8 13 43 8 37 18 25 9 10 2 85 19 78 14 76 7 94 6 60 5 37 1 68 15 11 12 66 3 66 4 83
20 13 65 11 95 9 66 5 4 16 34 19 55 12 35 17 32 7 78 10 52 1 10 2 58 20 9 6 73 4 18 18 52 3 57 15 59 8 27 14 89
20 6 31 16 81 7 45 8 21 4 74 18 7 10 43 12 35 2 23 19 63 13 12 14 92 5 78 20 9 1 30 11 22 15 19 9 70 3 4 17 17
20 18 53 10 51 9 35 15 11 11 55 17 18 14 89 13 91 12 16 16 82 3 84 4 4 6 2 1 95 2 17 5 92 7 81 8 22 19 7 20 58
20 16 92 20 47 19 10 13 47 3 4 4 75 6 41 1 51 15 2 5 73 9 52 2 38 8 44 18 23 11 31 10 90 12 90 14 81 17 75 7 84
20 7 31 6 20 17 32 5 54 14 10 2 96 10 6 8 81 15 73 12 75 1 95 4 81 3 31 11 81 19 90 16 33 20 64 18 96 9 21 13 1
20 18 67 2 61 4 18 7 81 1 77 10 35 13 12 20 28 17 82 8 10 9 71 5 94 3 51 14 54 6 25 19 37 16 34 12 2 15 71 11 60
20 13 29 18 78 6 33 17 54 8 20 2 75 9 88 1 35 20 70 7 35 4 53 15 36 3 82 11 26 16 24 5 28 19 10 14 98 10 86 12 2
20 3 30 19 2 1 96 20 66 11 3 18 81 2 4 9 53 8 12 17 36 16 61 15 78 6 25 5 75 7 44 14 12 4 81 13 23 12 41 10 87
20 8 98 3 47 13 85 1 90 17 74 15 94 4 24 16 18 18 8 6 90 20 55 5 67 11 52 9 3 19 28 2 29 14 73 10 96 12 57 7 55
20 18 18 1 72 13 88 5 58 6 5 2 81 11 93 9 95 12 36 16 51 4 53 17 61 8 72 7 63 20 36 14 48 10 96 15 92 19 21 3 61
20 10 55 16 45 5 91 4 24 19 77 2 71 17 12 15 91 14 68 6 55 20 88 1 76 9 89 8 14 11 92 13 64 18 66 12 13 3 48 7 57
20 9 92 6 18 4 56 20 69 2 86 3 23 18 33 14 86 7 52 11 71 13 97 16 9 12 16 1 38 10 69 15 34 5 43 8 1 17 71 19 84
20 2 59 16 50 9 11 14 21 5 47 13 52 18 78 20 72 7 86 10 28 1 81 3 5 19 29 15 36 12 7 6 68 4 28 17 97 11 49 8 93
20 15 34 10 20 19 32 7 90 18 59 11 53 20 92 17 1 5 8 6 10 13 10 16 25 1 8 14 53 2 25 12 79 4 85 9 28 8 10 3 33
20 9 37 18 51 6 79 14 6 10 28 15 40 8 19 19 60 1 14 11 12 2 31 3 25 16 15 17 84 7 83 12 85 4 87 13 34 5 42 20 92
20 15 24 7 3 9 12 14 39 17 5 1 28 3 51 4 68 10 36 19 6 16 12 11 54 12 61 5 11 6 99 20 39 2 53 8 3 13 33 18 48
20 15 38 9 81 3 84 8 12 20 36 6 96 17 67 7 46 2 90 14 78 19 22 12 83 1 85 5 97 16 50 13 78 11 91 10 83 4 49 18 31
20 10 10 6 42 20 29 4 1 12 88 5 7 13 11 3 41 9 51 2 40 14 90 7 20 1 42 19 40 11 25 18 31 15 8 16 86 17 84 8 25
20 19 12 13 70 1 93 9 77 3 18 2 13 17 70 16 35 14 97 15 50 12 32 5 88 8 98 6 37 10 82 4 53 11 21 18 93 7 60 20 93
20 20 14 16 85 1 21 8 25 13 72 5 38 4 43 7 68 11 38 18 18 15 35 17 49 9 99 3 48 10 87 14 11 19 16 12 96 2 36 6 84
20 18 6 10 23 11 97 9 72 12 32 17 77 20 35 13 62 15 15 7 72 2 48 16 34 1 51 8 24 5 71 3 18 4 5 6 37 14 56 19 13
20 2 10 18 38 6 81 19 77 3 83 8 40 17 43 12 64 16 91 5 1 1 48 11 80 9 15 4 21 13 27 20 16 15 60 14 45 10 65 7 88
20 1 20 18 4 10 79 16 87 17 27 2 84 7 20 4 46 13 91 11 9 9 24 6 98 14 28 3 2 20 76 8 22 5 88 12 67 15 32 19 37
20 5 23 13 7 3 62 2 49 18 98 15 61 7 59 16 38 1 13 10 5 6 75 12 74 8 65 19 66 4 60 11 14 17 79 14 45 9 47 20 51
20 2 23 7 45 14 96 20 35 19 37 12 34 18 29 8 12 11 89 16 69 5 74 4 52 10 98 1 17 17 86 13 76 9 96 3 66 15 86 6 37
20 3 74 5 99 17 9 13 9 15 74 16 83 10 3 9 96 20 44 11 23 14 3 1 18 2 3 12 45 6 38 7 24 8 91 18 36 4 22 19 15
20 16 34 5 23 7 68 14 11 15 53 20 77 6 71 2 65 18 77 17 48 13 43 12 45 11 83 19 7 9 93 3 65 1 83 4 8 8 5 10 74
20 9 40 3 15 16 30 13 90 11 62 4 15 19 13 14 3 10 49 1 90 6 55 8 65 20 85 17 87 18 24 2 61 12 50 5 48 7 77 15 21
20 20 42 9 91 11 70 17 8 19 45 7 24 15 63 14 86 12 16 10 68 3 57 8 18 4 60 5 81 1 3 2 17 6 68 16 97 18 42 13 54
20 16 87 10 95 17 25 11 61 19 9 14 30 12 84 15 21 7 88 4 83 2 72 5 86 9 20 20 73 18 39 8 71 1 52 3 37 6 72 13 40
20 2 46 13 45 18 87 3 44 10 27 11 44 16 19 20 51 5 83 17 2 19 21 12 13 8 50 9 17 14 95 1 83 15 33 6 29 4 92 7 62
20 7 22 20 73 3 35 18 4 16 22 13 99 15 99 17 65 5 54 8 72 2 59 12 98 6 44 14 19 10 23 1 95 19 87 4 69 9 68 11 57
20 4 20 1 79 7 95 3 6 13 38 17 36 6 37 9 21 19 62 2 48 14 78 10 18 12 70 15 78 20 1 11 21 18 85 8 39 16 34 5 98
20 15 56 8 60 4 33 7 80 10 68 9 60 17 41 2 82 16 17 3 89 18 59 14 71 6 49 13 75 20 45 11 22 19 60 12 83 5 71 1 22
20 19 72 14 72 20 11 3 15 11 72 7 65 5 56 15 77 16 68 10 17 8 59 17 17 2 68 1 69 13 71 6 60 12 39 18 42 9 78 4 62
20 13 12 2 27 11 16 4 23 1 12 14 74 3 72 19 48 16 35 17 53 10 9 9 80 5 68 8 15 20 62 6 23 12 14 15 89 7 12 18 67
20 8 74 13 53 3 76 14 97 7 71 5 81 18 28 1 70 16 67 20 26 17 97 4 11 2 77 6 56 15 62 12 41 11 50 19 40 9 35 10 79
20 3 75 19 3 6 32 13 10 1 93 7 2 20 63 10 4 2 4 16 18 14 85 15 28 4 55 17 80 9 59 18 74 12 51 11 74 5 20 8 46
20 5 32 3 77 9 49 12 76 4 6 15 93 20 57 11 11 10 69 19 35 7 59 2 20 6 22 14 13 18 35 1 99 16 95 17 99 8 74 13 96
20 4 55 17 38 15 80 16 25 13 73 20 56 19 87 7 16 8 2 6 80 11 43 3 50 5 68 1 12 12 19 2 25 14 17 18 52 9 31 10 31
20 15 53 4 69 10 57 17 98 5 48 18 26 7 30 11 20 1 74 19 47 2 99 16 78 6 97 13 94 12 80 3 74 8 42 20 2 14 46 9 32
20 10 54 13 14 2 96 15 39 16 1 8 98 9 43 3 57 7 29 11 76 19 36 4 58 20 93 12 17 18 38 14 81 5 74 17 20 6 39 1 98
20 1 80 20 94 13 69 16 69 14 54 8 30 18 86 7 80 6 6 19 72 10 65 3 45 15 89 4 67 17 6 12 28 2 76 9 28 5 29 11 28
20 15 1 12 74 7 8 9 96 8 20 13 7 6 26 5 25 20 18 19 84 16 29 17 92 3 18 1 38 11 93 14 8 18 32 10 67 4 81 2 17
20 13 36 12 41 14 72 20 31 10 28 19 52 6 14 7 59 3 97 16 71 15 92 1 50 9 4 2 96 4 6 8 99 17 1 18 70 11 58 5 92
20 7 24 2 81 10 84 6 57 16 59 12 94 11 31 8 98 1 37 13 64 3 69 9 56 15 71 18 23 14 30 4 97 17 86 19 29 20 16 5 75
20 3 33 14 81 9 58 11 81 19 2 5 25 7 17 8 1 6 72 12 33 17 18 4 22 18 44 20 28 1 69 15 92 16 90 13 43 2 53 10 76

insa:
3401
501 901 242 702 443 423 765 805 366 349 165 128 13 224 529 203 188 29 969 754 788 572 869 311 610 934 151 952 294 491 393 333 854 473 71 554 413 995 272 836 635 114 696 676 597 56 657 95 900 740
481 541 661 301 962 883 762 162 524 146 7 246 426 351 710 186 266 285 506 588 753 389 728 50 132 207 809 573 410 651 33 471 793 691 832 89 335 72 871 236 954 616 856 115 636 459 999 377 917 940
801 822 3 561 523 602 981 704 222 744 383 408 783 125 664 683 425 201 485 888 28 352 286 367 949 767 454 730 514 312 933 111 971 631 852 173 153 912 193 596 476 340 77 260 279 558 876 658 59 99
841 701 862 404 24 825 163 264 764 723 283 126 12 447 606 508 368 227 552 251 892 650 535 85 992 792 191 152 112 633 494 813 436 357 939 477 75 337 955 976 317 914 217 698 598 679 399 579 760 60
521 582 821 23 144 305 263 64 406 562 244 747 8 446 865 928 669 786 689 551 130 986 432 172 232 329 773 490 652 853 214 475 196 394 634 374 359 297 517 618 55 116 897 93 739 960 819 919 720 980
21 402 2 142 483 183 803 343 282 707 964 245 587 127 386 927 947 531 81 512 230 989 909 850 611 270 330 434 213 794 733 756 833 113 575 693 175 74 873 776 316 54 478 375 678 637 460 899 659 560
681 961 141 542 583 923 703 362 164 746 724 806 324 309 527 785 448 889 507 948 388 867 289 626 848 649 355 987 908 83 69 470 190 254 831 412 53 14 215 576 439 619 779 40 117 280 680 500 240 140
221 722 781 444 886 384 148 347 185 548 925 486 751 906 968 47 533 170 690 849 988 133 253 209 84 32 433 632 612 474 673 718 774 516 15 298 274 956 339 656 577 599 79 378 839 320 877 118 820 420
341 601 281 382 303 823 63 622 363 103 464 708 887 424 409 9 983 924 187 726 248 568 511 49 453 131 171 208 772 953 493 972 653 595 234 539 674 273 799 338 38 557 815 859 759 918 159 699 98 880
401 881 462 261 503 642 863 102 345 322 963 147 665 166 945 725 750 310 530 44 567 712 829 609 369 808 553 455 630 771 911 87 136 938 435 70 295 257 695 499 37 800 238 398 860 20 600 1000 199 220
1 62 463 763 745 105 41 644 350 666 247 549 605 828 449 967 623 890 205 868 510 30 570 984 290 326 135 536 593 935 851 716 492 194 233 372 437 797 736 154 415 275 397 959 180 319 818 96 700 920
942 922 824 405 465 546 11 647 966 67 532 249 109 488 150 431 713 629 592 31 990 392 315 293 672 574 356 88 692 855 796 757 336 894 373 137 178 458 617 777 875 916 738 278 58 817 518 239 219 200
761 181 522 941 882 61 662 422 243 306 782 705 407 804 903 564 124 445 223 167 604 686 926 845 108 46 509 468 591 970 755 291 35 331 495 91 734 358 16 556 396 874 276 998 218 379 840 160 660 640
22 543 584 145 304 943 742 344 364 766 982 107 784 646 905 429 711 288 608 269 390 571 628 513 456 732 52 936 411 538 811 334 256 834 174 92 694 498 975 237 675 857 216 896 17 198 138 479 80 879
921 381 721 861 843 585 884 5 361 321 826 104 346 565 149 748 526 129 648 687 268 451 226 627 430 469 951 714 314 212 192 36 795 812 973 497 296 996 179 913 417 778 258 677 57 78 620 559 97 519
581 641 302 262 442 885 121 844 603 65 504 965 904 667 685 749 428 42 528 353 566 550 931 250 950 228 82 729 769 789 110 810 211 292 34 489 472 332 371 195 719 872 177 395 837 156 418 997 19 638
842 143 184 643 864 706 365 563 27 106 505 466 10 427 387 169 267 225 752 45 688 624 727 487 452 354 68 590 252 932 770 210 670 991 328 791 537 555 614 299 814 957 915 318 838 898 977 139 419 100
461 241 502 161 482 182 101 4 342 663 525 307 684 547 866 287 450 325 787 589 48 907 229 206 134 731 86 937 993 717 835 974 615 895 758 438 416 655 858 39 76 958 277 816 578 158 400 639 380 780
421 741 802 484 26 265 323 123 348 709 545 645 202 946 66 607 930 625 847 891 534 768 985 51 910 391 313 830 457 671 370 594 870 90 235 176 414 798 737 155 197 697 18 259 300 978 480 119 580 520
441 621 682 403 902 544 25 743 6 122 586 385 284 308 168 944 668 827 43 929 846 467 204 569 807 231 790 189 327 715 271 255 994 515 613 893 496 73 735 654 775 540 157 360 376 440 94 979 878 120

