30 15 450
15 3 96 14 86 10 75 2 3 5 97 1 88 15 88 13 66 7 16 12 63 6 73 8 3 4 63 9 91 11 33
15 4 21 12 33 15 38 2 94 6 79 1 36 9 50 11 83 3 4 5 83 7 7 10 26 13 87 14 15 8 90
15 3 88 9 37 7 94 6 65 5 24 8 86 1 96 15 94 12 81 2 2 11 93 13 5 4 23 14 45 10 11
15 7 62 1 61 9 37 8 1 5 10 10 21 3 88 15 24 13 61 11 42 12 54 2 92 4 4 6 38 14 9
15 13 52 4 87 6 37 1 27 11 76 12 69 14 76 7 74 8 86 5 46 9 84 3 48 2 16 15 91 10 28
15 12 35 2 53 4 46 1 99 6 17 9 78 8 84 11 88 5 60 3 53 7 27 10 33 13 88 15 75 14 13
15 11 79 2 72 12 25 6 52 10 24 5 98 14 4 4 99 8 17 1 52 9 85 7 48 15 85 13 99 3 72
15 13 77 2 80 5 44 6 73 14 46 10 60 3 25 15 67 8 18 4 17 12 4 9 73 7 32 11 67 1 6
15 11 51 15 26 12 29 10 57 5 54 1 16 4 41 3 2 7 15 9 88 6 47 14 10 8 2 2 75 13 16
15 15 27 3 1 4 88 2 44 6 17 10 20 11 50 5 40 12 40 1 65 9 10 8 50 7 11 14 36 13 81
15 8 6 7 36 13 67 2 73 3 30 12 97 4 62 15 11 5 80 14 25 6 60 1 42 9 42 10 40 11 55
15 15 59 4 86 14 89 1 8 8 4 13 16 7 67 2 43 12 74 11 97 3 3 9 12 10 55 5 3 6 29
15 4 22 12 88 14 39 9 91 3 25 2 23 11 38 15 14 5 72 10 87 13 78 6 42 7 3 1 31 8 83
15 9 74 1 69 14 59 2 74 7 61 15 83 11 82 5 43 6 42 12 43 3 20 10 51 8 7 13 5 4 7
15 6 75 13 71 5 45 7 92 15 9 9 48 4 20 8 28 14 25 10 14 2 61 11 39 3 65 12 28 1 49
15 3 94 6 12 13 33 12 35 2 57 5 33 8 22 15 47 1 87 10 47 9 61 7 42 4 84 14 12 11 58
15 11 71 4 35 2 70 5 67 8 86 6 42 3 72 1 52 15 73 13 44 9 96 7 42 14 96 10 3 12 94
15 3 70 7 30 14 48 5 57 4 66 9 95 8 95 6 17 15 64 11 70 10 6 13 99 2 63 12 33 1 27
15 3 80 1 93 7 15 12 86 6 33 13 65 8 44 15 22 14 86 5 93 4 92 2 88 11 65 9 39 10 14
15 7 91 6 42 3 14 4 17 1 50 8 16 11 2 2 36 15 47 5 11 9 34 14 29 10 71 12 78 13 55
15 6 76 14 67 3 35 15 93 12 13 1 58 7 24 5 10 2 6 10 49 8 40 11 61 13 72 4 97 9 17
15 13 89 7 86 1 45 15 59 10 16 11 52 6 39 5 83 8 11 4 56 9 30 14 60 12 80 2 43 3 4
15 2 49 6 44 11 3 5 73 13 49 4 63 1 20 8 68 9 40 15 37 10 17 14 66 12 92 3 82 7 5
15 14 69 4 57 9 34 3 67 15 73 7 60 11 93 8 1 10 43 2 67 5 85 1 80 6 80 12 81 13 98
15 9 55 2 27 4 50 13 96 1 42 3 76 5 33 7 82 15 82 10 87 14 93 12 42 6 20 8 97 11 15
15 3 8 1 79 8 24 6 19 12 73 9 82 14 47 2 90 15 97 10 93 5 69 11 47 7 68 13 44 4 54
15 8 52 7 11 10 98 12 44 11 14 14 38 13 57 1 50 6 40 2 89 5 2 4 73 9 19 3 40 15 96
15 8 5 1 52 15 45 11 17 4 94 3 44 12 9 6 18 13 37 2 84 7 28 5 78 9 28 14 68 10 64
15 11 23 15 63 6 57 2 57 7 22 5 71 14 69 9 15 3 19 12 88 1 25 10 83 13 62 4 54 8 68
15 14 47 2 96 3 11 1 99 7 28 13 8 11 50 8 18 10 97 6 10 4 54 12 50 5 67 9 16 15 79

insa:
2183
377 197 407 318 290 64 47 306 365 272 21 79 126 248 439 169 398 145 337 100 6 37 234 194 431 357 162 225 120 270
331 437 362 424 92 243 19 293 77 309 186 199 139 4 154 383 107 355 173 230 400 415 57 221 282 268 73 40 134 329
376 256 1 303 288 349 137 271 31 185 366 438 247 155 226 128 24 52 411 429 85 112 404 176 223 72 206 330 344 105
16 181 347 62 289 242 363 167 260 138 78 336 410 98 127 157 325 446 217 402 281 115 314 238 13 58 434 43 390 210
334 125 259 426 244 308 295 96 367 189 5 143 213 50 35 323 108 25 231 84 401 356 280 159 70 386 203 417 448 179
301 423 332 287 379 63 94 20 211 246 140 275 80 322 263 34 227 399 413 109 445 192 131 161 11 204 358 373 59 180
286 257 317 152 46 425 392 351 307 273 200 33 368 440 129 172 68 214 26 148 193 86 9 102 252 237 416 388 118 345
406 151 378 391 291 245 353 311 262 277 82 49 170 99 36 443 147 338 232 324 218 69 114 195 133 12 30 374 208 435
196 361 348 184 381 296 261 32 22 81 48 428 146 130 101 339 326 216 251 403 177 236 71 117 163 14 418 449 284 315
124 95 3 393 310 320 354 141 298 190 51 444 27 341 111 370 220 266 87 235 385 432 164 254 207 178 75 420 45 285
421 121 91 333 241 292 65 352 187 395 409 321 142 312 23 442 83 55 265 202 175 222 283 387 240 41 15 119 375 165
17 123 182 76 93 305 380 66 394 274 156 144 229 412 174 299 56 430 343 10 116 372 224 328 39 205 447 359 269 255
316 61 153 364 335 106 212 397 276 171 441 313 228 191 54 414 250 28 150 8 300 267 88 433 104 135 389 42 360 209
436 346 302 258 198 2 183 396 97 382 297 168 427 67 279 110 149 342 219 327 371 160 132 239 29 253 90 419 44 60
422 122 136 18 166 304 350 319 408 294 188 201 264 384 249 53 278 369 215 233 340 7 158 113 38 103 405 89 74 450

