100 20 2000
20 18 17 17 25 8 65 1 31 3 80 6 64 14 30 16 36 10 99 11 16 4 32 2 3 20 28 13 79 15 1 7 50 5 94 12 31 19 87 9 94
20 13 71 4 86 20 16 14 79 3 92 8 79 17 63 18 10 7 47 15 64 10 56 6 4 2 87 1 16 19 43 5 70 11 15 9 27 16 99 12 37
20 18 81 1 32 19 76 11 80 3 19 2 6 7 37 5 59 15 8 9 3 13 41 16 79 14 8 4 83 17 68 6 53 12 29 8 61 20 24 10 53
20 9 78 15 99 8 97 1 20 14 3 13 1 3 97 11 92 4 43 10 11 2 25 18 31 12 98 17 73 5 38 20 71 16 69 7 71 6 73 19 2
20 14 91 1 90 8 97 17 24 7 8 13 72 3 54 5 67 6 63 12 39 19 76 15 12 11 1 2 7 20 46 9 14 4 54 10 66 18 55 16 42
20 12 67 2 13 19 74 7 38 18 10 17 67 1 6 20 50 8 72 11 93 4 25 3 72 6 66 14 71 5 18 10 77 15 27 13 20 9 97 16 17
20 20 84 3 19 5 7 12 40 19 73 15 89 17 85 11 78 6 29 4 89 14 9 1 88 8 43 7 52 13 36 16 44 18 77 2 44 10 82 9 90
20 5 27 18 88 20 59 12 79 14 98 17 66 1 9 11 1 19 35 8 69 6 29 10 67 7 60 13 43 16 21 15 19 9 76 3 55 2 77 4 15
20 13 44 4 43 12 67 8 41 10 90 18 71 20 38 16 39 5 77 19 18 1 12 15 17 2 10 9 77 3 49 6 25 14 85 11 30 7 14 17 92
20 12 57 1 41 16 51 15 41 9 17 18 91 13 82 17 68 10 76 19 13 2 93 8 12 3 90 20 58 7 52 11 83 14 68 5 3 6 11 4 40
20 7 63 9 59 13 18 16 99 17 78 5 5 20 15 3 71 19 59 12 21 1 58 11 29 15 59 4 98 10 2 8 18 18 87 6 55 14 83 2 85
20 10 54 2 57 4 51 15 25 14 57 8 46 9 93 18 58 20 20 13 4 5 19 19 91 6 25 3 88 12 94 7 52 11 23 17 4 1 27 16 66
20 19 73 2 84 10 85 4 50 5 61 1 40 15 93 3 17 16 86 9 19 17 49 11 98 14 74 18 6 6 27 8 91 12 58 20 59 13 22 7 15
20 10 11 13 56 11 39 15 20 14 79 18 55 19 18 5 40 12 74 4 91 7 95 2 65 16 13 8 26 20 40 1 89 17 25 6 33 3 3 9 21
20 4 51 9 37 10 49 11 20 6 52 3 57 20 17 1 42 17 50 7 74 18 33 12 38 16 16 5 21 2 35 8 85 19 7 13 66 14 68 15 66
20 8 47 17 27 11 86 9 19 14 9 4 23 1 64 6 32 12 24 18 14 10 47 16 81 5 45 2 84 7 10 13 25 3 74 20 81 19 98 15 79
20 1 94 19 46 10 63 7 64 8 72 4 70 3 86 12 10 17 11 5 99 15 93 18 90 20 4 6 75 11 87 9 35 14 46 16 27 13 94 2 83
20 17 53 10 33 16 56 6 19 1 50 8 82 9 20 19 49 14 73 3 21 18 28 20 40 11 49 5 83 15 82 13 16 7 97 12 86 2 46 4 45
20 9 26 11 29 15 35 8 31 1 71 20 78 4 38 10 11 16 26 6 12 13 69 14 64 19 1 17 96 18 36 3 93 7 52 12 30 5 22 2 25
20 13 12 10 98 6 14 2 38 11 94 19 77 3 52 8 95 9 20 12 77 15 42 5 28 16 69 18 88 4 29 14 18 17 95 20 73 1 16 7 34
20 8 22 16 5 9 31 18 25 7 8 15 38 20 17 19 17 6 13 10 59 13 36 3 88 1 57 5 19 2 57 4 65 14 88 12 23 11 52 17 40
20 5 19 11 34 3 49 14 46 12 2 19 45 7 82 20 7 17 7 9 50 16 81 15 1 13 99 18 91 10 54 6 4 2 87 4 29 8 63 1 45
20 14 36 10 38 17 93 18 27 5 28 11 81 6 2 20 66 4 28 15 46 1 96 7 55 9 99 13 90 8 5 3 37 12 18 19 55 2 78 16 53
20 4 89 17 93 14 40 2 76 7 29 8 61 13 13 10 95 18 28 12 3 19 89 15 28 20 13 5 63 9 32 3 50 1 24 16 63 6 76 11 47
20 3 44 4 48 14 32 11 61 16 85 15 34 13 21 2 52 18 66 5 47 8 30 12 49 1 88 19 95 7 94 17 59 10 77 9 5 20 79 6 27
20 13 19 20 64 19 27 2 30 15 27 17 57 1 96 11 36 5 8 6 77 4 59 10 36 14 13 9 96 8 88 12 47 3 80 7 32 18 43 16 93
20 10 73 12 75 15 37 17 70 14 90 1 34 13 87 11 6 5 59 3 79 16 11 6 50 18 46 20 12 7 38 2 55 8 15 4 18 19 80 9 98
20 18 70 7 90 17 89 8 4 20 77 13 31 1 43 19 87 14 52 3 63 2 75 12 21 9 30 15 68 6 81 4 89 10 68 16 44 11 63 5 51
20 13 70 12 9 7 52 6 55 8 92 20 60 3 39 18 13 4 68 16 72 10 80 14 45 15 28 9 69 11 48 17 29 2 42 1 55 19 44 5 88
20 8 91 13 28 11 68 14 49 6 94 12 86 9 43 1 43 4 75 2 98 20 88 10 67 7 63 3 34 15 61 16 85 19 32 5 96 17 45 18 51
20 4 90 13 97 10 53 11 9 3 63 1 92 2 18 7 68 18 55 16 10 5 78 12 34 14 57 17 13 19 64 9 59 20 56 8 76 15 41 6 56
20 17 9 19 44 11 59 18 61 20 6 9 66 16 56 8 41 12 97 7 41 15 1 5 21 3 43 13 76 2 20 10 73 6 88 14 98 1 56 4 26
20 15 90 19 60 2 40 18 78 9 52 13 10 14 50 16 61 6 95 4 28 10 38 8 24 7 51 11 96 3 90 20 18 1 77 17 11 5 43 12 93
20 1 47 9 30 3 13 13 63 16 93 17 42 8 32 2 12 5 66 10 94 6 89 12 25 14 16 7 96 19 87 15 39 20 58 18 8 11 2 4 17
20 13 50 12 62 6 91 9 25 3 19 17 73 10 98 5 63 16 95 11 57 8 67 2 7 14 76 7 79 15 90 19 75 1 42 20 66 18 90 4 41
20 13 18 20 99 11 89 12 43 18 49 5 8 6 44 19 33 15 91 1 39 17 36 10 72 2 27 8 70 16 66 7 82 9 94 4 46 14 18 3 98
20 14 45 4 13 12 26 17 14 5 29 9 90 18 60 1 84 7 83 3 41 8 7 11 24 6 73 10 58 16 91 2 47 13 82 15 81 20 67 19 15
20 11 52 14 79 20 18 9 3 1 29 10 88 8 97 16 55 19 55 18 15 5 87 2 17 13 43 4 58 12 69 15 66 6 31 7 43 17 8 3 2
20 20 87 9 51 11 65 4 5 8 34 16 58 15 9 6 10 1 30 12 87 3 62 10 89 18 78 2 37 13 94 17 40 7 50 19 83 5 74 14 83
20 3 35 16 34 5 44 1 65 14 37 11 5 20 51 19 26 13 65 10 16 8 90 6 40 15 76 2 54 9 72 18 27 12 37 17 75 7 77 4 89
20 15 15 9 1 18 43 16 7 12 64 2 50 6 26 11 29 7 13 10 76 20 9 8 5 3 85 5 19 19 23 14 95 17 76 4 69 1 48 13 26
20 5 84 4 42 6 99 7 25 10 75 19 93 20 76 3 56 12 23 16 87 18 8 1 2 9 60 17 79 13 30 2 16 14 61 15 16 11 1 8 31
20 13 90 9 41 18 20 20 50 11 38 14 76 6 68 15 66 8 84 7 77 2 30 3 55 19 50 4 40 16 99 12 5 10 27 1 10 5 32 17 24
20 19 33 5 79 1 55 9 69 14 53 7 50 4 81 3 28 10 91 18 55 2 50 12 29 16 27 13 9 17 61 11 27 6 36 8 43 20 5 15 56
20 11 72 14 36 8 27 1 16 16 50 7 82 12 8 9 79 15 80 3 22 6 63 4 61 10 25 17 61 2 71 5 93 20 44 19 65 18 72 13 88
20 13 7 6 18 15 59 19 44 9 64 1 94 8 55 3 20 11 11 17 77 10 3 7 26 2 8 18 21 12 73 5 80 16 89 20 53 4 19 14 95
20 6 35 3 7 12 98 19 66 13 16 16 89 1 6 4 24 18 18 20 39 14 52 10 49 8 52 7 26 17 11 11 73 15 91 2 69 5 99 9 79
20 4 65 2 24 11 87 10 85 3 66 16 99 14 5 13 29 6 98 1 17 8 4 20 48 12 45 18 26 5 80 9 5 19 56 15 53 7 76 17 41
20 9 39 4 34 19 47 10 60 16 21 1 11 14 46 11 14 12 59 20 51 15 7 17 58 8 49 3 57 2 71 13 57 5 47 7 1 18 85 6 72
20 18 93 3 88 11 24 10 32 15 18 17 44 7 48 2 18 16 80 9 67 14 10 8 9 6 16 12 35 1 16 5 10 13 29 19 71 20 89 4 87
20 11 36 10 29 13 35 6 78 8 17 5 7 20 38 1 50 15 6 12 15 3 14 7 30 2 36 4 18 16 59 17 63 14 92 19 26 9 46 18 23
20 6 90 10 11 15 87 4 34 13 20 18 1 5 57 12 30 3 19 20 25 7 22 16 32 11 86 1 31 19 4 8 54 2 32 9 17 17 24 14 67
20 3 91 14 61 16 53 5 1 11 67 6 53 10 86 1 8 18 12 12 51 8 90 19 73 4 44 17 12 9 92 15 58 20 57 7 63 13 82 2 68
20 19 77 7 48 6 72 20 89 8 36 17 23 14 39 5 45 16 39 15 85 11 54 9 69 13 44 18 92 1 86 12 42 3 83 10 85 4 23 2 58
20 8 15 2 5 3 67 18 9 17 7 11 81 10 4 7 86 6 74 16 49 13 26 9 9 15 27 4 33 1 51 20 95 14 32 12 24 5 31 19 58
20 15 30 9 90 11 27 16 17 18 85 5 27 10 92 8 11 2 15 4 61 20 18 1 34 14 96 3 56 17 34 6 44 12 32 7 1 13 16 19 55
20 19 21 5 95 6 81 3 1 12 65 18 69 20 24 15 47 17 92 16 25 2 22 8 60 14 62 10 97 4 78 11 63 9 18 1 35 13 80 7 55
20 14 96 15 27 1 66 9 52 20 16 16 20 17 24 7 59 18 75 5 64 19 26 11 88 10 57 6 68 3 60 12 12 13 54 4 99 2 51 8 71
20 12 79 16 6 20 41 9 8 7 93 13 46 4 69 19 81 14 61 5 44 11 2 15 69 6 72 10 21 8 55 18 69 3 13 17 69 2 80 1 91
20 2 82 11 99 5 92 14 53 15 5 10 33 8 59 20 32 4 93 18 13 1 64 9 19 19 96 12 12 3 66 6 4 16 83 7 65 17 3 13 79
20 19 16 3 62 5 1 4 41 6 84 20 61 17 31 11 63 7 10 18 10 9 14 14 75 13 14 1 63 2 53 10 61 16 41 15 7 12 57 8 15
20 19 5 8 83 11 25 12 37 7 81 17 42 6 20 10 22 14 50 5 40 2 77 20 76 4 58 15 88 16 77 18 69 1 63 9 56 3 49 13 41
20 10 43 2 16 11 1 1 56 12 38 9 41 20 78 8 81 16 5 7 46 13 10 14 6 17 31 5 44 18 22 19 78 3 93 15 42 4 21 6 43
20 6 27 10 26 11 32 8 20 1 20 5 5 16 43 14 63 17 23 3 29 20 45 4 79 13 68 12 73 19 1 15 10 2 61 9 56 18 95 7 36
20 11 88 4 21 16 86 18 92 3 89 7 30 15 44 20 25 13 99 9 91 17 21 14 45 1 82 12 41 5 76 2 33 6 77 10 49 19 63 8 37
20 2 33 1 54 8 79 20 56 17 54 18 75 6 79 9 99 19 38 16 13 13 2 4 53 12 89 5 82 11 53 14 33 7 43 15 73 3 25 10 14
20 17 7 3 43 9 70 6 22 15 54 10 81 2 44 5 94 13 95 11 29 16 14 14 50 18 98 8 18 4 50 20 96 1 74 7 66 19 38 12 49
20 19 79 13 40 2 71 4 39 15 13 3 19 12 1 11 82 1 58 14 26 16 44 9 18 8 94 6 8 10 68 20 90 17 39 7 47 5 43 18 80
20 13 82 11 1 20 76 3 22 10 17 17 15 7 64 18 71 8 22 16 79 4 89 5 80 6 7 2 78 15 87 12 88 19 22 1 59 14 75 9 24
20 13 56 10 93 9 63 7 23 8 31 1 90 2 46 12 83 11 21 19 4 4 53 15 99 14 65 18 99 17 58 6 5 16 33 3 17 20 26 5 7
20 14 35 10 44 9 10 12 5 11 40 16 66 1 13 19 20 2 25 6 95 8 88 5 32 18 45 3 11 13 20 17 61 15 36 7 45 20 5 4 56
20 3 41 13 6 7 77 5 69 20 83 8 17 11 22 2 32 17 58 18 63 19 59 4 31 16 94 12 90 14 20 9 83 10 14 1 67 15 62 6 62
20 18 36 12 81 4 70 16 20 6 60 14 22 17 8 10 31 15 53 11 67 7 66 3 75 1 22 20 30 13 47 9 69 5 68 19 77 8 10 2 4
20 20 21 7 97 4 71 6 13 17 85 15 95 11 27 5 10 2 24 12 43 8 81 10 88 13 72 18 5 16 51 19 75 9 44 14 49 1 43 3 26
20 15 69 7 93 5 66 1 12 3 81 13 94 11 61 9 56 16 56 8 62 4 25 17 2 20 5 2 87 18 75 10 14 14 14 6 45 12 30 19 8
20 3 80 2 21 7 94 8 86 19 54 17 70 16 83 15 39 5 54 12 76 9 50 10 18 20 15 1 4 11 34 14 12 4 9 6 47 18 31 13 65
20 4 77 12 87 16 97 20 90 8 25 3 77 18 88 19 76 9 69 5 15 15 49 2 27 7 75 11 90 14 32 10 26 17 67 1 82 13 59 6 72
20 10 85 20 40 9 48 11 64 18 8 7 79 5 96 16 70 14 25 2 30 15 75 17 86 12 72 19 49 6 74 1 55 8 87 13 34 4 98 3 46
20 8 87 3 75 2 55 4 34 12 62 16 31 1 53 10 13 15 63 11 14 14 20 17 12 18 14 7 48 20 4 13 64 6 17 19 5 5 85 9 41
20 18 55 14 74 10 15 3 39 4 64 9 71 6 18 11 60 16 28 17 82 7 93 5 68 2 75 8 56 20 9 12 9 1 20 19 61 15 78 13 5
20 3 23 14 66 15 25 11 2 16 13 19 72 2 51 12 81 17 47 20 6 9 42 13 44 8 88 1 36 4 93 6 21 7 6 10 62 18 18 5 38
20 1 84 18 1 6 70 10 63 3 70 9 22 5 98 16 4 8 85 15 29 4 81 13 26 7 49 2 62 11 49 14 66 17 41 12 31 19 51 20 23
20 9 9 12 20 1 60 16 22 14 29 15 89 5 36 8 51 20 97 13 39 2 58 4 50 10 48 11 94 18 35 3 95 19 37 17 79 6 71 7 12
20 8 78 9 95 19 42 13 60 7 62 15 99 14 31 17 94 4 78 11 27 16 23 6 60 10 10 2 80 3 83 12 54 20 96 18 15 5 50 1 64
20 17 32 16 59 19 93 12 95 3 61 15 19 9 46 5 75 2 69 10 76 20 96 4 50 11 10 8 69 7 10 14 98 18 60 1 1 6 81 13 79
20 17 23 12 64 20 70 19 35 13 6 1 8 8 97 5 7 7 56 14 92 11 11 16 50 9 39 2 72 3 25 6 85 4 4 15 59 10 2 18 27
20 8 46 16 90 6 89 3 66 7 87 14 35 19 83 1 90 4 93 13 54 9 10 10 22 11 18 18 97 2 19 15 94 5 60 17 90 12 83 20 41
20 3 54 18 53 10 4 9 54 6 73 5 18 13 26 2 58 19 44 12 1 1 49 16 95 17 91 15 38 11 93 4 29 8 70 20 14 14 6 7 51
20 17 57 20 4 1 21 3 5 15 64 6 71 10 67 13 24 19 39 14 73 4 98 11 12 18 34 16 20 8 31 7 12 12 40 9 75 2 22 5 65
20 15 63 18 83 17 29 19 84 1 25 7 12 14 81 10 89 4 44 5 23 20 66 11 31 2 29 16 64 3 67 9 56 12 34 13 97 8 27 6 71
20 7 99 16 28 18 73 12 10 2 85 17 56 6 56 10 10 14 30 11 82 5 2 3 45 9 16 13 36 8 89 15 27 4 34 20 85 1 16 19 75
20 9 53 20 33 16 16 19 81 17 54 15 15 8 67 18 46 4 98 6 72 14 65 3 42 2 13 10 40 1 56 7 43 11 57 12 56 5 77 13 94
20 20 38 9 83 14 55 1 80 19 47 17 28 16 82 6 82 12 46 7 89 10 22 13 69 5 44 3 84 8 70 4 32 11 21 18 55 2 52 15 13
20 20 40 14 55 18 54 1 73 17 94 15 80 10 61 13 74 19 92 11 23 6 18 5 41 3 46 16 94 9 73 8 31 12 33 2 35 4 32 7 15
20 18 71 5 20 16 38 4 72 17 45 19 75 9 28 10 30 11 52 12 57 15 26 2 77 7 72 14 43 1 62 6 7 20 41 13 21 3 58 8 21
20 6 18 10 56 16 73 20 17 17 31 2 49 4 47 1 66 13 17 7 75 12 25 18 38 14 43 11 95 19 4 8 71 3 26 9 5 15 26 5 28
20 7 33 4 62 17 48 13 21 16 79 5 48 12 93 9 29 6 99 11 98 19 93 3 36 15 49 10 42 18 22 20 63 8 43 2 27 1 10 14 3
20 14 85 19 4 16 41 3 8 13 78 20 88 15 82 11 53 7 25 1 80 2 32 10 28 18 75 12 31 8 19 6 11 4 4 9 92 5 31 17 1
20 12 96 1 24 5 47 11 35 8 36 18 83 17 99 15 22 3 91 4 1 6 43 16 33 13 97 19 50 9 41 10 78 7 92 14 92 20 40 2 45
20 10 97 20 62 2 35 16 42 19 51 13 14 3 64 14 10 12 95 17 7 8 38 15 11 11 35 18 25 5 77 7 82 1 79 9 81 4 17 6 33

insa:
6010
1621 1763 661 1265 42 1302 321 966 745 884 4 1962 1244 1484 345 1407 288 863 1643 82 1844 182 769 507 1785 1864 1386 547 728 606 64 1143 526 246 107 1567 1008 307 365 588 1048 710 1728 906 147 1950 784 927 132 493 171 1835 451 1075 1293 413 1751 1349 1706 1895 211 578 995 1614 1191 1095 1908 1214 1556 832 1378 477 950 1597 276 1112 1514 34 1337 1034 239 1453 819 657 858 697 1237 1538 1438 1479 1698 1819 1138 1997 1680 1180 440 399 639 1939
1301 1082 1181 504 242 1242 806 102 1502 942 1409 384 1343 46 488 1327 643 1563 1428 222 1689 607 1387 1607 464 668 295 1550 975 1892 1983 1013 590 1651 851 1906 1951 713 1833 536 173 1793 1805 1231 1374 913 1748 551 1469 191 988 692 415 635 577 774 1634 1131 1674 314 71 895 138 12 272 1532 1109 1060 938 1593 752 1735 794 94 1277 159 1779 33 736 1494 1296 1714 1037 1215 1859 871 1179 836 459 359 1159 437 340 1878 220 1980 1080 1460 1938 380
781 481 1322 1501 1764 423 1421 1041 1741 1083 286 922 1944 1601 5 122 663 1625 1485 1364 25 1685 45 1346 1285 1270 685 1724 1562 605 974 1202 327 771 567 67 1011 813 248 1584 387 350 530 1969 550 112 412 1832 945 982 908 890 1526 594 633 1124 87 175 1987 828 1795 208 852 730 1854 1257 234 193 868 1812 317 158 476 1675 1029 456 1077 1656 1177 655 1452 1155 376 1195 1114 1873 1414 517 1715 1932 1319 1239 1480 1899 279 1917 720 760 1398 1560
281 962 482 941 1922 1521 461 1282 22 601 764 1884 162 1344 722 326 1272 867 1564 1463 244 223 1204 1829 306 270 569 589 822 511 1014 111 1585 1970 130 1789 1652 1371 928 1669 449 538 1312 1053 1167 54 1189 1233 367 1729 1631 650 1957 1771 1443 892 1432 69 1024 1391 1907 11 1692 1094 1335 416 1615 214 1491 1259 854 1110 1856 754 97 818 1517 395 718 160 556 1756 1817 919 1158 1135 1559 1717 360 1000 680 438 800 1999 1079 1879 200 1420 700 640
421 141 1266 1122 862 1483 783 1424 123 1963 1882 1183 1044 1926 445 1647 48 725 706 268 1068 1328 1254 509 1688 490 1203 245 1006 1547 294 1627 529 821 814 1106 669 330 1468 231 1230 169 1790 611 1746 688 1372 632 354 313 977 1853 1150 206 88 1839 414 392 1170 115 1579 1592 1314 916 1530 1295 996 1995 1811 896 474 75 1509 751 1027 1708 580 1099 779 1412 17 1737 955 1959 1872 859 659 939 36 1457 598 1679 198 379 1359 1780 1920 560 1620 1400
1261 902 1324 921 409 1623 285 683 807 344 1766 6 847 383 1063 768 1901 1723 1046 564 1021 707 585 510 1004 1464 1307 1227 308 129 1205 447 1848 823 532 1830 1587 1971 1745 233 1410 151 1929 1373 1123 113 1672 891 56 89 649 1577 370 1956 671 1089 1807 993 1445 1896 176 733 1173 1555 334 792 1154 555 1616 949 32 1260 255 278 218 1800 1354 1518 79 757 1871 1297 1498 637 1116 1196 500 479 1716 436 620 1440 1699 877 199 1659 1396 2000 1540 980
1921 405 201 1423 1482 542 1062 809 1665 324 886 563 1367 1384 47 427 1286 1786 1250 866 1225 1462 104 1546 290 1725 608 1148 1012 1088 1574 1801 85 850 1949 1893 824 1165 1850 535 465 630 593 1836 1503 1209 912 134 729 987 934 1591 452 1058 153 1633 978 716 271 1776 777 315 653 1317 29 674 1533 195 1451 495 694 1031 1709 1617 16 1695 236 78 1910 179 758 1977 357 377 1118 1996 518 1338 1358 799 1198 1280 260 959 1418 1660 1760 1880 400 1140
1081 401 1721 1661 1264 301 3 1561 883 1303 364 1222 581 765 1965 325 346 1248 1065 544 1385 1827 164 1369 1648 1426 973 63 565 812 1005 491 667 83 628 849 1525 226 109 296 1629 1051 907 1187 1334 150 747 537 388 133 714 1613 1504 933 466 691 58 1955 731 1991 192 26 992 1132 652 1775 1707 1471 791 274 1108 1490 1694 1799 1594 455 216 1175 1855 951 1411 1353 1557 1036 515 1815 256 618 1300 1757 840 1900 1876 1916 878 439 1220 1937 1459 1160
1641 361 802 961 403 61 282 1323 744 762 1662 842 1403 1842 1543 1821 662 1246 684 864 1102 1383 1626 347 50 726 1887 905 1687 626 430 1744 888 1144 304 645 587 185 227 202 1072 1586 1164 1928 1611 1308 514 1290 174 1055 389 1211 1975 1488 250 553 574 616 1958 990 1529 1731 1352 1580 1796 1092 157 1813 453 475 1019 717 336 833 1778 1511 795 96 1192 498 1278 140 1713 1380 119 956 1038 1456 1477 1436 38 1238 540 1137 1875 940 1998 1918 280 20
1262 521 342 1541 283 964 1241 1402 261 410 1624 382 323 442 1002 1382 1365 1767 1743 810 1326 603 221 1902 1022 243 1888 746 165 1047 1690 1568 1186 1087 1981 1583 1228 311 712 1788 512 687 944 1952 1653 592 1834 1851 825 984 189 911 1867 932 571 670 368 772 152 1673 116 468 651 1153 893 70 1808 1448 9 790 1174 1732 1107 734 1976 139 31 215 1472 636 1512 497 1536 869 1134 857 1496 1355 1298 1216 1437 98 435 557 1320 1934 1078 1719 1618 60
1001 422 1263 741 362 881 623 1362 284 1281 484 1243 1405 968 845 1223 808 763 1182 263 1964 1544 44 1045 703 1604 1348 583 604 1103 508 1427 943 1889 1330 385 303 1086 528 1071 1570 128 446 110 1948 1467 148 353 1588 1487 786 1389 1792 983 909 1670 1208 68 1837 690 1152 1654 575 1171 936 732 1993 1772 1930 212 1635 1315 1810 10 252 1693 1733 1450 335 654 196 93 1534 1033 1857 419 1515 1711 237 1870 178 1755 37 1136 839 1914 679 876 559 480
101 1642 682 805 1961 425 1404 1522 1245 923 1224 124 1684 562 181 887 969 1347 704 723 163 522 1702 770 269 1565 586 328 1890 292 1010 1161 1608 309 144 1050 492 1849 1927 1442 1388 629 1804 612 1313 1125 1838 390 552 829 915 57 1954 1750 1989 1553 90 672 210 1294 1076 994 470 1470 1777 73 1638 1797 1434 1376 1274 418 1028 1596 1510 457 1098 1676 235 953 755 797 856 1194 1911 1156 18 516 1499 1117 358 872 378 257 660 1877 1739 1219 40 1340
681 501 901 701 841 1361 1422 21 381 161 1924 1664 1381 262 664 561 582 1342 1945 1768 602 1003 487 411 51 1251 546 1486 1329 66 1289 527 646 925 1650 1273 976 187 230 1986 203 1576 86 298 1311 1747 1973 1166 1073 1612 1852 789 135 433 634 467 1868 1632 1730 371 1705 775 1213 154 356 1091 1025 997 948 1059 316 14 1798 454 1909 1898 1814 118 753 1473 1840 339 1520 1455 737 1157 835 1558 1119 1415 820 900 1539 874 1240 1139 259 1600 1700 1200
1401 441 1941 483 742 882 424 81 967 1042 846 1843 1602 7 1645 24 1268 265 1862 721 865 1067 1141 1252 584 463 1787 1667 525 65 1332 1184 225 1726 305 1582 1549 349 1571 647 1770 145 549 1229 131 1831 513 53 785 816 931 1894 613 1292 1988 572 1169 114 299 1350 1212 372 673 991 1017 1446 947 1809 1636 1316 177 1133 1393 693 417 1097 337 253 1435 1535 1710 1379 1516 1113 396 719 780 1497 1913 219 1478 1696 837 1040 197 1978 1759 638 920 1940
801 1481 1781 406 1765 1325 903 363 505 1101 62 641 848 264 126 1345 767 1646 1603 1826 486 49 971 1686 523 1142 1666 184 1287 1070 224 709 1185 247 1009 1569 1891 1551 1968 1947 1466 432 331 1630 889 1866 172 631 450 985 355 1056 595 1375 573 391 1128 1023 554 1992 1172 1234 937 1531 1449 156 1093 472 1392 1508 213 30 793 1276 92 1258 117 15 695 1736 756 1754 1318 1599 1816 1860 738 300 619 1439 838 676 1933 1218 958 1718 1417 1919 880 320
402 1682 782 804 1943 343 965 1267 1722 885 1406 1283 1644 1823 1883 1043 1925 766 485 1249 8 1605 665 183 1523 1104 1069 1370 627 1331 52 1566 431 1146 293 1548 1847 1628 1162 610 648 1984 531 1802 1903 1015 168 926 570 1589 1972 1310 204 312 1671 689 1794 249 136 946 369 596 715 989 1130 1351 1444 1774 748 1489 393 1090 155 1433 273 1507 1235 830 1752 77 478 1032 338 735 1475 1712 855 240 917 120 1874 1217 1197 873 460 558 39 100 520 1397
1321 341 1761 621 1681 2 1701 302 1923 506 462 289 1783 443 1366 543 1885 1269 1825 1305 1066 724 1085 686 1253 972 524 429 666 1429 127 106 329 1846 1226 1147 1465 1967 1572 1865 711 84 1668 146 1609 1905 188 1016 1590 1207 205 910 1054 1291 986 817 55 614 1552 935 251 1506 576 1990 1129 1806 776 1447 894 27 1637 74 1492 496 277 1753 374 420 238 1178 798 1537 658 834 1039 860 1115 397 1738 1357 1658 875 599 1416 759 1395 1960 1199 180 960
1 1581 41 404 803 1622 541 843 1441 624 1742 1881 1782 1084 142 1284 444 1545 266 1863 705 1368 727 1828 489 1255 1966 105 1306 291 644 568 1105 981 609 1573 1049 310 186 166 351 228 1333 533 1149 1803 929 1430 1074 1210 1527 914 1953 1126 1190 773 332 1994 1773 137 469 72 28 750 1655 1026 979 394 1734 1020 831 434 217 254 1176 1474 796 1236 954 1858 899 375 1519 1495 1912 870 1678 1413 1394 1697 519 99 678 1279 1935 600 1720 699 1619 1360
861 241 963 622 1942 1341 503 408 1121 1221 43 1663 904 426 1061 322 1408 1683 125 1824 642 1784 103 267 1606 1886 1201 708 1769 1845 348 924 1256 1727 386 548 815 297 1985 149 232 1052 1309 170 1390 1974 1704 826 788 190 539 1151 1168 1505 1749 615 1578 1431 1528 209 853 1554 749 579 471 373 1018 998 1639 494 91 1377 1275 898 778 1598 458 1869 1657 35 1193 1035 696 80 1476 957 1931 1500 1299 1120 675 597 1339 1100 1915 19 319 1458 1820 740
761 1841 1762 1861 502 407 1461 743 1542 844 23 287 121 702 1822 1363 1304 1247 143 1064 970 1271 545 1425 625 428 811 1946 1649 1288 566 1007 1145 108 1524 1691 1982 1575 167 1163 352 229 1904 1610 591 534 1206 1791 448 930 1703 1188 787 1232 827 366 207 1127 1057 59 617 333 1897 194 473 13 897 275 76 1096 1336 1595 1030 95 318 952 1111 1513 1493 1640 1677 656 1454 499 698 918 1356 999 1818 1758 677 258 1936 879 1979 398 1419 739 1399 1740

