20 20 400
20 2 30 19 80 5 34 16 92 17 29 20 96 1 25 11 49 6 67 15 53 14 20 8 52 9 29 7 51 3 35 12 38 4 18 10 43 13 46 18 98
20 5 73 3 68 4 3 15 98 2 68 1 8 14 15 18 88 19 72 17 20 6 89 11 59 10 68 16 63 20 41 12 30 9 43 7 80 8 64 13 14
20 2 6 17 36 9 88 19 71 14 51 15 63 7 32 1 16 10 63 16 7 20 18 4 90 13 55 6 25 5 72 12 92 11 88 8 69 3 89 18 83
20 20 58 4 35 5 79 10 43 2 86 3 50 19 64 9 88 7 57 17 25 14 73 15 18 13 4 6 69 8 40 12 28 16 37 11 42 18 82 1 83
20 16 2 13 41 2 13 11 75 1 31 20 66 12 72 14 66 3 96 15 45 18 29 7 49 17 96 4 50 8 38 5 80 9 90 10 36 19 50 6 76
20 4 15 8 31 10 89 1 87 6 55 7 49 15 23 17 19 5 38 3 93 20 75 13 45 14 75 19 72 2 65 12 6 18 16 11 24 9 24 16 44
20 18 4 4 22 12 99 10 10 5 85 14 79 17 2 9 54 1 80 19 2 2 58 20 33 11 92 6 93 7 94 16 34 15 36 13 48 8 54 3 12
20 18 19 14 2 17 7 5 60 12 36 8 11 13 97 7 57 9 71 11 60 3 20 19 68 1 53 10 54 16 59 2 16 4 60 6 68 15 65 20 42
20 1 57 12 16 2 92 19 99 3 82 14 91 10 12 8 19 9 59 16 43 17 20 13 84 15 24 11 80 7 60 18 82 4 62 6 32 5 29 20 20
20 10 76 4 78 7 78 13 42 1 3 14 30 3 7 2 82 18 62 17 13 19 84 20 22 5 78 12 80 15 58 8 53 16 6 6 85 9 23 11 99
20 13 83 11 9 17 72 10 88 19 84 8 87 9 78 1 65 7 23 4 7 16 35 2 94 6 33 5 10 18 6 15 85 14 88 20 18 12 94 3 92
20 7 28 19 33 9 93 5 11 8 25 18 67 1 44 15 28 12 69 20 67 4 9 11 82 10 43 17 53 13 48 6 39 2 52 14 75 3 81 16 44
20 18 24 5 44 17 58 13 73 20 30 2 25 3 21 19 14 12 6 4 41 11 19 7 21 6 36 8 72 10 96 1 32 9 5 14 46 16 61 15 82
20 15 91 12 42 2 97 10 65 13 78 8 40 11 93 20 64 3 8 18 56 14 10 17 93 9 28 16 77 6 87 4 26 19 33 1 17 7 2 5 35
20 5 15 11 45 20 96 19 11 17 95 12 39 6 22 16 73 2 79 8 64 3 79 15 88 14 65 4 24 18 38 1 17 13 3 7 73 10 59 9 92
20 3 3 4 28 8 17 19 71 15 91 7 17 13 69 1 69 10 51 14 40 5 93 17 82 11 47 6 42 20 59 12 7 18 43 16 83 9 45 2 83
20 4 67 3 9 16 37 10 62 19 82 12 69 8 34 18 39 17 15 9 84 20 32 14 72 1 68 7 95 5 70 11 80 15 78 2 80 6 30 13 44
20 5 13 11 96 9 26 2 4 13 89 19 98 18 83 16 8 12 70 20 68 4 37 15 20 14 35 8 99 3 27 10 12 6 73 7 92 1 98 17 75
20 14 75 16 1 6 35 15 73 4 35 19 6 18 38 11 34 3 70 20 51 7 16 13 78 12 58 17 9 8 97 1 55 5 38 2 65 10 1 9 8
20 4 27 14 36 19 50 9 21 12 32 10 6 18 34 13 84 17 50 1 39 3 4 15 94 20 49 8 20 11 98 2 64 16 41 5 29 7 4 6 90

insa:
1951
161 85 185 227 7 129 48 308 26 104 390 208 333 153 296 256 359 376 278 80
1 41 83 344 163 263 65 188 25 131 289 246 212 156 396 237 320 115 338 378
301 322 22 165 187 66 89 369 391 151 247 291 269 110 355 15 59 239 140 220
381 122 321 302 62 182 23 101 365 52 231 210 351 250 94 157 177 17 294 276
341 281 21 144 3 125 63 224 242 311 55 109 193 96 214 335 179 398 377 280
363 9 287 105 54 314 31 213 253 134 236 74 178 357 158 198 275 339 100 400
221 183 306 148 47 106 371 209 92 69 252 14 175 334 135 358 298 399 38 279
303 146 225 102 266 327 168 206 290 12 394 354 95 196 254 75 58 375 139 39
343 43 223 384 128 149 169 330 207 68 13 97 319 273 257 37 119 199 300 380
181 124 324 204 64 264 386 103 167 49 309 233 154 356 33 18 255 98 299 379
342 84 202 282 150 8 267 368 133 232 313 251 174 395 32 57 336 78 118 200
123 162 145 262 385 87 326 229 286 349 249 56 316 194 16 373 76 36 116 219
82 201 345 147 184 307 265 388 244 53 172 372 235 73 112 19 297 138 340 40
142 382 361 126 45 186 88 166 27 310 332 11 353 71 271 293 113 217 238 258
261 305 24 46 364 228 90 392 10 107 352 173 292 72 195 216 137 337 159 260
81 323 4 362 50 288 348 170 211 155 318 34 136 197 274 77 397 259 240 120
143 42 203 5 127 243 285 329 389 190 312 171 30 108 93 70 234 272 374 360
121 141 241 226 387 189 328 367 347 28 91 270 317 176 215 295 20 117 79 60
222 2 383 304 44 164 325 284 205 130 366 346 67 191 29 248 152 114 99 277
61 86 283 6 51 132 230 245 331 370 350 393 268 315 192 111 35 218 180 160

