20 20 400
20 8 86 14 43 18 61 7 99 9 7 12 70 5 21 4 2 13 88 19 38 10 65 3 81 1 38 2 51 11 81 17 37 16 72 15 94 6 44 20 99
20 8 80 18 66 17 90 11 83 1 89 16 7 13 55 2 17 3 13 10 45 19 28 6 73 4 44 7 65 20 50 15 84 5 70 12 71 9 32 14 91
20 12 90 18 43 20 37 1 71 3 64 5 88 9 27 15 30 11 34 4 99 6 10 13 44 19 99 16 94 2 96 17 98 7 44 8 7 10 33 14 59
20 3 34 8 52 18 5 13 4 2 84 17 54 14 3 7 97 20 39 4 9 19 9 12 91 6 60 1 4 5 63 15 3 9 35 11 79 16 66 10 97
20 4 52 6 51 13 72 1 24 11 96 18 54 17 51 3 61 8 92 9 81 10 74 19 49 20 24 5 59 14 4 12 21 2 78 7 2 16 3 15 49
20 10 42 14 47 7 10 1 27 8 38 19 92 13 88 18 16 20 3 11 56 4 80 5 10 17 26 2 78 16 69 9 91 3 82 12 77 15 73 6 96
20 8 19 4 38 6 83 18 50 15 31 20 87 9 67 10 99 14 69 12 77 2 4 13 31 17 96 1 77 3 80 19 68 16 74 5 86 11 30 7 54
20 16 25 17 47 13 10 6 16 5 83 10 62 19 3 4 38 9 87 20 19 18 98 7 2 14 58 12 30 1 22 8 55 15 80 11 69 2 77 3 40
20 3 17 6 98 7 25 20 41 5 62 19 28 2 52 1 5 9 25 10 37 8 93 13 63 14 23 15 58 18 92 16 70 17 90 4 29 11 26 12 69
20 20 41 1 65 18 34 15 4 8 73 12 79 9 58 7 14 13 97 5 71 11 97 3 95 17 58 14 12 4 17 10 66 2 78 16 68 19 69 6 53
20 11 27 5 83 15 20 10 12 20 86 7 34 19 36 1 28 14 63 13 37 17 23 6 50 8 90 9 5 18 17 4 80 2 35 3 4 16 41 12 81
20 5 85 19 92 13 90 16 95 4 19 9 59 20 94 10 75 6 75 7 47 17 9 15 6 11 43 1 30 3 88 2 19 18 10 14 76 12 58 8 29
20 5 23 6 87 7 50 8 76 12 26 11 28 1 36 18 35 3 4 10 32 15 22 14 74 2 52 17 13 9 14 20 61 16 47 13 87 4 73 19 64
20 6 80 1 43 18 45 15 92 9 68 13 66 3 60 10 37 19 60 7 51 20 41 4 61 14 98 8 59 5 95 16 38 12 67 2 12 11 95 17 22
20 11 57 2 96 16 11 6 25 9 69 5 59 10 45 14 52 15 85 3 26 18 91 7 57 4 30 17 32 20 58 12 40 8 11 19 19 1 19 13 82
20 2 81 6 83 3 77 17 45 12 63 18 95 15 25 9 48 10 27 19 56 5 54 13 82 16 32 20 99 8 41 1 1 14 2 7 61 11 23 4 26
20 2 47 19 9 3 90 15 28 6 68 9 23 11 66 7 46 20 75 5 96 14 68 10 60 17 46 8 35 12 9 13 89 16 96 1 42 4 2 18 86
20 12 90 4 52 15 10 8 25 2 59 14 55 19 30 10 33 20 18 13 80 9 73 16 41 5 9 7 64 17 79 18 31 3 79 11 44 1 14 6 73
20 11 59 3 57 18 67 8 47 9 13 19 35 14 72 7 74 6 56 17 85 1 52 16 25 2 92 4 92 13 81 12 76 10 91 15 93 20 36 5 88
20 9 28 17 89 1 3 3 75 12 31 11 87 20 66 18 67 8 34 15 19 4 30 5 91 14 53 16 81 7 13 6 15 2 59 10 17 13 85 19 11

insa:
1965
182 104 383 44 262 84 25 168 247 13 371 208 74 155 134 234 359 316 299 338
321 301 282 65 345 167 28 114 131 14 373 253 55 197 236 397 217 278 159 97
61 323 384 45 161 362 303 12 29 267 249 290 88 192 135 117 235 357 218 160
81 122 342 8 148 111 50 225 70 33 391 272 374 195 293 216 259 178 339 320
221 145 202 46 7 241 165 286 112 330 190 353 311 392 75 275 37 94 138 380
261 144 82 123 325 284 162 302 242 51 369 32 73 229 212 396 19 360 120 200
103 4 163 188 328 243 368 68 206 270 152 34 354 230 292 395 57 318 98 140
121 1 21 105 185 62 344 364 244 171 389 334 89 156 274 213 297 58 315 240
381 326 5 285 47 127 187 365 265 169 149 226 308 351 116 255 90 77 214 39
101 146 128 204 348 11 287 170 30 268 250 332 309 228 91 196 377 398 59 80
281 201 361 327 110 49 24 85 386 246 191 15 233 78 158 358 179 279 139 319
41 341 186 6 385 305 245 130 72 335 154 376 118 296 277 96 239 38 180 220
143 83 223 107 64 9 189 266 27 52 350 172 132 336 210 375 312 258 399 300
102 2 346 367 67 129 288 331 252 173 153 209 273 393 194 238 95 317 60 40
324 184 125 343 48 264 203 307 251 289 390 174 232 157 76 36 18 378 119 100
141 283 26 224 115 372 54 352 17 257 176 394 313 276 137 337 198 79 219 99
142 382 23 304 66 113 370 87 333 16 254 133 193 231 211 355 294 177 56 280
42 183 3 124 22 63 263 108 363 306 86 248 388 151 291 175 356 215 237 340
322 222 106 147 366 347 10 166 53 31 269 71 207 310 136 92 298 260 199 400
181 43 126 109 164 329 349 387 69 205 150 227 271 35 256 295 93 314 379 20

