50 15 750
15 12 30 4 16 13 71 1 30 15 78 10 46 2 18 7 32 3 34 14 88 8 94 5 85 6 83 9 30 11 73
15 3 14 9 51 15 6 2 33 1 17 11 22 7 63 13 71 8 14 10 87 4 58 5 37 12 55 14 73 6 78
15 14 39 1 26 6 79 7 10 15 48 12 48 5 97 4 22 8 89 10 1 13 3 9 44 3 9 11 77 2 40
15 14 79 5 66 10 39 12 61 2 57 7 96 13 98 3 54 11 88 4 21 1 92 8 3 15 39 9 21 6 73
15 10 5 4 65 5 93 8 90 12 64 1 30 9 93 11 88 7 91 6 47 15 26 13 79 2 3 3 77 14 39
15 3 6 1 61 6 92 4 22 13 18 2 52 5 82 7 48 10 32 8 73 9 49 11 16 15 76 14 55 12 38
15 7 16 2 29 10 93 3 89 8 61 11 47 5 25 12 38 1 28 14 46 15 93 13 68 4 99 6 41 9 59
15 3 50 14 77 15 11 5 79 4 98 11 66 8 23 10 15 7 24 6 41 2 8 12 57 13 68 1 52 9 30
15 8 26 15 36 13 79 3 92 14 93 9 11 7 18 1 71 2 26 6 95 12 14 10 86 5 41 4 3 11 47
15 11 14 6 16 8 56 4 74 13 92 7 33 3 93 1 68 14 70 9 38 15 64 10 79 12 8 5 69 2 74
15 14 87 5 74 15 84 7 78 4 49 3 45 6 44 9 53 10 83 13 28 8 3 1 48 12 6 11 52 2 53
15 10 71 15 9 8 73 7 90 12 58 13 16 5 90 6 54 11 48 14 64 4 17 2 63 9 64 1 98 3 96
15 9 58 11 47 8 95 12 34 14 14 2 11 3 2 4 52 15 29 13 65 10 86 5 60 6 13 7 5 1 16
15 6 64 11 29 3 35 5 6 8 90 10 42 13 36 4 29 14 57 2 39 15 52 7 39 9 93 1 21 12 77
15 14 85 2 98 12 44 8 85 4 45 9 64 6 33 5 49 3 23 7 84 1 53 15 17 10 48 13 31 11 11
15 4 33 5 89 8 48 10 20 9 95 6 57 12 8 15 19 13 21 3 36 7 65 11 37 1 93 14 4 2 2
15 11 51 4 57 10 69 15 74 1 95 8 79 14 37 13 82 7 75 12 20 5 49 9 38 2 78 3 97 6 73
15 10 68 13 91 14 5 15 50 7 32 3 48 5 39 8 81 1 32 9 68 12 92 4 74 11 27 6 60 2 59
15 8 82 4 63 7 18 13 32 14 69 15 82 1 76 6 39 9 72 2 90 12 4 3 54 11 79 10 81 5 72
15 4 98 12 97 13 37 5 95 7 93 1 56 14 46 9 85 6 7 10 78 8 71 2 69 11 47 15 41 3 64
15 5 65 3 64 2 28 4 46 14 27 11 53 13 6 9 71 15 12 6 15 8 61 7 89 12 56 1 35 10 9
15 8 86 9 86 6 72 4 13 14 69 1 39 11 98 13 28 12 32 7 64 3 21 2 86 5 50 10 8 15 90
15 9 96 14 82 15 2 6 4 13 27 12 43 11 35 10 73 3 97 4 21 8 78 1 95 7 76 2 73 5 89
15 1 19 10 17 2 55 9 53 7 89 13 40 6 3 8 3 5 14 4 40 3 69 14 50 11 20 15 41 12 30
15 9 9 6 75 8 67 3 4 7 8 12 70 14 38 5 1 10 99 1 49 2 43 15 74 13 31 11 9 4 1
15 11 85 12 90 4 94 9 15 3 73 8 50 15 81 5 26 2 91 6 10 1 58 7 32 10 78 14 1 13 7
15 12 58 1 95 6 31 9 99 10 89 5 92 2 18 7 42 3 95 4 7 15 81 11 47 14 53 13 94 8 52
15 12 13 1 57 9 45 3 71 2 16 7 90 14 25 10 52 15 72 13 11 11 21 5 27 6 34 4 89 8 27
15 3 40 13 44 8 17 5 94 14 39 9 49 1 52 10 17 6 79 12 44 2 70 4 1 11 67 7 1 15 8
15 9 98 4 38 7 53 2 98 13 41 8 63 12 2 5 68 10 28 3 75 11 14 15 21 14 8 6 65 1 1
15 3 5 7 40 8 27 14 93 9 65 4 93 2 7 11 39 15 42 12 8 10 29 6 27 13 57 5 17 1 77
15 14 39 6 18 3 17 13 93 2 8 7 57 5 66 1 76 4 28 9 21 8 2 10 82 12 66 11 77 15 94
15 1 75 14 13 5 48 11 13 15 39 8 16 9 69 2 39 4 35 10 75 7 85 6 55 12 45 13 55 3 85
15 5 85 14 82 11 13 6 89 9 34 3 10 2 95 4 38 7 4 15 10 13 84 8 88 12 65 10 25 1 50
15 10 75 14 74 4 84 6 71 13 54 15 53 7 86 2 11 5 72 11 27 3 89 8 60 9 25 12 17 1 86
15 13 16 7 66 12 24 5 6 2 81 10 26 9 68 6 41 1 2 14 87 3 86 15 71 11 32 4 34 8 69
15 4 22 11 16 5 45 14 56 10 8 8 62 15 20 13 84 12 87 9 59 3 53 2 81 1 43 6 3 7 22
15 14 28 13 23 2 66 3 27 9 49 1 46 8 49 5 64 11 43 7 12 10 95 6 38 4 31 12 49 15 18
15 14 20 9 22 3 90 8 84 12 14 13 36 11 5 10 80 7 99 5 93 2 67 1 58 4 37 6 13 15 55
15 7 98 12 88 4 38 5 95 9 87 3 69 11 99 14 85 8 75 6 39 10 77 2 57 15 82 1 96 13 52
15 9 9 3 89 8 82 14 81 10 16 4 40 15 74 13 27 1 33 2 33 11 15 7 78 6 58 12 79 5 28
15 7 64 5 92 9 8 10 48 3 75 6 29 14 69 2 33 13 83 12 19 15 97 1 74 8 98 11 3 4 39
15 14 68 10 87 13 88 4 72 15 84 6 26 9 11 8 95 11 94 5 90 12 8 1 17 2 53 3 92 7 6
15 8 97 4 96 11 29 2 68 9 96 6 69 1 95 12 90 10 67 14 53 3 23 5 18 15 54 7 49 13 18
15 12 78 14 44 9 69 2 25 13 48 5 77 3 1 11 70 7 14 10 25 4 95 15 25 1 53 8 64 6 39
15 2 3 12 80 11 70 8 59 6 43 4 54 15 54 3 59 14 29 7 62 5 89 10 3 1 59 13 79 9 8
15 15 38 12 15 2 18 9 76 6 21 14 82 1 84 10 53 5 18 13 74 7 59 11 61 4 11 3 58 8 10
15 11 22 6 7 8 89 3 39 12 44 5 41 4 41 15 83 10 54 1 87 13 86 7 7 2 70 14 55 9 73
15 15 5 13 59 11 22 7 59 5 68 14 99 9 41 8 27 3 62 12 80 6 30 4 37 2 60 1 76 10 4
15 13 24 3 95 11 67 4 85 5 8 1 15 14 73 15 52 8 12 6 39 7 16 9 62 2 61 12 9 10 53

insa:
3334
77 346 561 407 20 392 245 4 277 481 741 370 697 99 32 143 473 66 652 386 715 291 553 342 534 321 128 627 162 734 427 450 209 119 673 56 179 264 609 465 642 238 195 599 314 221 582 688 510 525
558 19 348 92 693 676 303 81 410 649 212 50 530 470 439 7 664 623 502 518 371 280 488 384 253 552 205 397 186 116 733 457 129 718 177 344 150 597 327 610 581 73 643 297 431 748 240 45 165 270
76 451 16 106 559 602 302 737 409 573 364 94 620 468 709 198 421 124 380 501 9 142 591 683 282 339 156 551 53 667 729 356 187 445 521 235 399 536 261 326 254 219 656 180 74 704 43 495 644 300
541 226 2 242 272 79 286 62 139 647 437 304 634 513 739 712 378 588 26 681 110 155 489 503 474 340 203 319 568 355 188 732 456 671 215 176 400 55 606 38 103 539 375 703 134 267 432 419 583 630
301 543 496 227 617 563 47 529 725 82 63 483 711 368 152 740 109 97 589 199 27 472 383 251 443 519 289 699 666 172 354 396 424 149 12 37 417 262 218 580 464 640 657 192 133 328 686 285 345 615
137 78 362 467 707 393 196 695 621 278 514 499 334 680 651 636 310 33 385 318 567 157 533 352 115 731 231 173 70 294 30 449 595 130 217 462 429 492 13 104 255 193 745 554 418 60 613 269 584 675
616 586 91 273 452 724 22 527 365 438 169 350 83 51 141 471 8 517 249 565 154 34 114 504 685 290 411 579 127 669 398 69 207 717 260 343 236 491 325 701 312 220 194 387 746 612 659 434 555 645
121 271 138 168 546 562 646 363 316 24 708 95 246 453 486 85 574 679 381 64 441 200 112 183 638 476 341 728 228 353 11 423 603 214 161 311 594 522 263 57 507 296 39 744 405 674 705 628 420 540
601 361 181 572 17 560 331 408 436 618 349 694 394 308 663 279 650 379 500 487 590 637 86 317 252 67 550 475 145 727 532 158 126 230 455 293 426 208 216 178 523 120 265 14 59 42 747 105 720 690
61 166 511 347 256 545 632 243 93 619 48 395 25 84 369 6 531 714 698 338 578 566 113 444 201 490 477 147 229 284 413 159 670 295 428 461 605 596 654 191 132 40 735 388 329 687 509 750 223 315
241 136 542 376 723 21 706 182 648 197 306 738 484 498 678 96 337 577 564 111 87 283 592 668 68 520 446 174 54 458 479 322 416 639 237 538 402 374 164 611 702 358 15 135 44 268 298 433 629 225
1 406 391 692 587 287 377 528 366 661 49 710 677 98 575 336 170 250 28 442 65 281 549 213 184 625 730 148 478 232 117 36 163 653 460 569 324 131 210 493 641 430 266 313 508 749 524 90 614 360
557 526 736 722 123 274 80 257 633 3 23 140 307 469 515 52 248 335 440 576 548 288 171 665 202 506 624 351 422 700 716 160 234 190 118 415 323 102 463 608 373 72 494 41 404 390 600 660 224 689
571 556 631 46 544 466 512 275 107 211 497 305 151 482 662 367 622 247 696 332 31 454 100 726 684 29 144 10 204 125 320 412 185 292 535 425 258 593 448 175 604 742 655 403 357 719 89 389 239 75
721 122 167 691 18 244 276 108 547 5 635 485 309 713 516 333 153 382 682 372 88 505 101 146 626 206 189 35 233 259 447 71 414 672 459 401 537 607 480 598 743 58 570 359 658 330 222 299 435 585

