50 15 750
15 6 25 1 10 3 40 15 50 13 45 5 91 8 6 14 40 2 19 11 88 12 87 7 67 10 34 4 1 9 26
15 8 53 3 83 2 52 9 92 13 92 10 8 4 75 12 56 14 40 15 7 1 20 7 84 5 64 11 7 6 23
15 5 99 7 51 6 86 14 53 1 86 8 30 15 87 12 8 10 53 11 39 13 22 4 55 9 64 2 32 3 64
15 10 68 14 19 4 13 12 10 15 64 13 50 7 4 2 28 1 69 5 68 11 37 6 78 3 41 8 51 9 34
15 12 23 9 50 2 25 10 37 3 93 6 74 7 47 13 50 8 40 14 82 4 29 11 91 1 79 15 40 5 19
15 10 77 4 19 5 44 8 79 12 79 3 33 14 12 6 12 9 15 13 32 7 64 11 26 15 90 1 49 2 67
15 2 28 3 84 4 95 6 28 14 93 11 67 7 75 1 8 9 56 5 79 13 27 12 18 8 45 10 20 15 44
15 2 2 15 60 11 12 13 35 5 45 9 40 8 24 14 90 7 1 3 21 10 75 4 79 6 91 12 32 1 41
15 7 61 14 30 3 81 5 70 13 82 15 25 4 9 6 29 11 27 10 29 12 68 1 64 2 23 8 51 9 51
15 12 87 14 94 1 91 11 14 7 15 10 38 2 86 3 16 15 44 4 63 6 62 9 87 8 77 5 31 13 19
15 10 64 11 80 6 92 13 99 8 1 1 30 15 21 7 76 2 65 3 13 12 36 5 2 9 77 14 13 4 68
15 13 28 6 53 2 64 14 24 3 51 9 82 7 99 5 21 8 68 11 41 1 14 4 9 15 91 12 57 10 5
15 5 51 2 93 9 77 11 61 6 22 13 77 7 55 14 96 8 76 4 27 10 12 1 63 15 84 3 46 12 14
15 14 51 13 35 3 64 6 79 12 15 8 82 10 58 15 72 7 60 1 99 9 47 11 44 2 19 4 99 5 86
15 12 49 8 21 15 37 3 24 13 96 7 32 5 94 1 37 10 28 11 30 2 41 14 66 6 12 4 78 9 82
15 15 27 6 63 10 35 12 52 4 71 1 62 13 20 2 16 5 64 7 80 11 57 9 34 8 74 14 13 3 80
15 1 72 10 98 3 50 6 45 14 73 5 82 2 3 15 53 7 4 4 86 11 54 13 76 9 55 8 38 12 53
15 12 22 7 30 1 17 6 53 11 50 13 86 3 18 15 1 14 35 2 93 8 90 9 5 10 88 4 11 5 65
15 8 28 11 4 5 11 1 87 13 62 15 59 12 36 10 57 6 34 4 5 3 76 14 83 2 91 9 46 7 64
15 5 67 10 20 13 95 11 52 15 37 4 88 8 66 12 87 3 77 1 38 9 56 2 78 7 55 14 28 6 55
15 4 6 11 19 15 65 6 5 7 68 8 26 2 93 3 46 5 49 14 23 13 83 10 61 9 88 12 68 1 62
15 11 52 13 25 14 33 3 14 2 29 1 61 6 17 7 82 12 19 9 37 10 77 4 41 8 47 15 45 5 51
15 6 68 3 23 1 18 14 65 2 89 7 10 5 98 10 61 9 38 12 64 11 91 4 36 15 66 8 32 13 24
15 12 86 5 90 7 44 11 60 13 22 9 83 3 94 8 14 10 80 15 46 2 20 1 13 14 39 4 67 6 17
15 12 4 15 21 10 59 14 50 3 75 1 41 5 79 2 36 9 54 11 72 13 94 7 46 6 18 8 81 4 45
15 15 77 1 97 9 61 2 61 12 93 13 97 14 86 3 15 10 73 5 28 8 1 7 80 4 89 11 52 6 30
15 4 15 2 27 13 35 12 47 5 79 8 26 7 72 11 89 10 35 3 52 14 17 6 92 15 5 9 20 1 49
15 13 3 15 93 11 56 1 82 6 58 14 65 2 82 12 5 5 5 4 92 7 30 9 35 3 17 10 4 8 78
15 5 30 11 55 14 85 7 50 1 29 12 77 8 67 10 55 15 45 13 6 9 48 2 46 4 9 3 31 6 41
15 4 23 6 67 3 33 10 27 14 78 12 64 13 5 7 16 11 6 5 44 9 43 1 49 15 12 2 17 8 85
15 2 50 7 56 8 80 6 54 12 8 4 70 13 83 10 18 3 31 11 4 14 90 5 87 15 1 1 5 9 61
15 6 22 5 15 11 4 10 40 1 69 7 98 4 44 2 77 8 23 14 14 13 96 12 90 15 90 9 78 3 71
15 12 94 14 30 7 51 6 86 2 69 9 52 15 11 1 29 4 37 13 70 5 34 10 13 8 10 11 61 3 48
15 12 7 10 74 3 14 2 65 13 19 1 17 9 4 14 5 11 27 6 93 15 91 7 9 5 69 8 35 4 5
15 13 40 9 89 7 73 5 92 15 58 14 68 1 97 10 94 2 77 4 43 8 52 6 8 11 41 12 21 3 56
15 1 71 5 43 13 11 7 65 15 11 11 15 6 46 8 78 4 3 14 27 2 33 3 87 10 97 9 59 12 37
15 7 68 12 96 14 30 6 84 3 2 13 81 1 57 5 7 2 70 11 39 9 62 4 94 8 96 10 38 15 46
15 6 96 7 34 12 71 1 88 3 10 13 99 5 48 9 57 8 31 10 93 14 33 11 84 15 28 4 32 2 72
15 3 96 7 15 14 31 8 93 6 21 1 40 10 99 5 60 15 63 11 95 2 45 13 33 9 83 12 11 4 75
15 8 47 3 71 9 37 10 59 1 72 7 64 5 61 2 52 12 20 15 13 11 11 4 26 6 28 14 91 13 27
15 8 31 12 76 15 4 13 35 5 18 14 50 6 16 9 52 3 85 11 43 4 44 10 21 2 72 7 24 1 12
15 10 71 8 30 13 58 5 71 11 87 2 74 9 33 14 26 15 3 4 75 1 87 3 14 12 33 7 52 6 38
15 9 42 15 39 10 8 11 26 8 26 7 9 5 1 13 83 2 85 3 11 12 81 1 72 4 87 6 41 14 44
15 15 73 8 59 10 4 6 25 11 68 7 3 5 72 13 69 3 50 14 62 9 22 1 77 2 1 12 4 4 94
15 15 59 9 45 14 39 5 64 10 35 8 42 11 16 1 88 13 9 2 88 6 85 3 54 4 63 7 21 12 76
15 9 66 12 23 2 28 5 12 10 22 15 65 1 9 4 27 6 25 13 75 11 85 8 19 7 41 3 20 14 25
15 11 28 12 96 14 37 4 58 10 94 5 40 3 42 13 41 7 20 15 80 6 29 9 12 2 81 8 8 1 28
15 15 83 13 17 7 26 11 78 5 95 2 45 14 16 12 53 3 12 6 50 8 6 9 87 4 44 1 5 10 63
15 1 13 15 85 10 49 2 73 5 48 12 44 4 84 14 85 7 1 3 12 11 3 9 39 13 75 8 73 6 45
15 12 3 4 15 1 40 14 77 9 43 15 91 3 51 8 17 11 71 13 33 6 83 7 61 10 68 5 14 2 97

insa:
3296
526 738 2 258 333 241 470 721 682 274 377 501 559 409 576 321 138 35 366 668 547 447 517 642 89 98 590 231 295 218 425 176 488 156 205 357 54 192 132 26 719 120 657 626 615 705 464 73 315 405
106 91 392 451 182 678 168 499 335 18 307 63 724 320 473 379 621 536 639 412 247 485 711 265 9 449 549 142 368 90 613 53 233 221 356 670 581 159 208 519 133 593 703 297 283 44 658 570 750 432
332 3 123 498 571 17 170 92 308 243 319 115 438 198 214 65 365 81 545 560 640 262 281 609 587 742 697 352 294 143 714 418 383 400 537 654 672 160 730 459 627 689 45 194 58 525 240 434 495 480
391 737 301 436 77 683 230 472 534 93 291 117 694 280 625 727 415 127 611 456 42 48 22 190 250 327 71 177 643 145 552 489 359 342 718 520 673 224 209 585 569 597 269 14 165 375 388 433 510 660
421 467 181 286 527 31 679 124 110 637 273 78 347 395 619 309 725 664 6 605 514 578 173 445 246 414 710 696 548 562 337 367 217 652 330 234 592 508 385 55 100 162 491 28 749 270 149 462 210 75
466 331 1 167 259 227 556 304 437 153 185 684 33 532 244 575 505 544 322 410 199 649 83 607 279 94 66 484 454 128 746 715 118 671 146 701 223 360 57 30 522 373 598 644 402 300 630 735 390 435
121 257 541 636 32 572 305 557 471 529 114 348 708 513 483 452 397 187 140 172 443 323 67 86 336 416 97 249 216 651 507 424 699 52 204 747 591 158 235 614 387 27 729 372 688 298 12 674 629 285
271 16 635 617 212 112 306 601 586 79 574 533 396 647 666 7 201 36 453 292 69 743 174 189 353 266 450 328 155 474 564 716 427 420 553 386 134 509 687 521 148 238 103 374 734 59 704 493 344 254
631 676 62 512 183 111 19 171 502 662 378 740 622 84 608 351 446 588 325 417 486 99 563 43 267 551 369 296 339 313 206 717 147 702 237 656 135 583 163 732 284 539 479 15 431 404 60 253 465 225
151 469 497 633 287 616 76 228 680 242 363 723 64 116 439 577 665 648 278 46 141 695 202 39 21 589 612 130 518 326 354 312 219 338 419 191 399 565 384 748 538 268 428 458 492 554 720 13 104 180
468 422 152 316 302 108 634 272 260 289 184 408 531 504 691 709 620 349 139 667 650 444 398 610 87 96 129 40 744 10 550 175 580 220 72 251 370 341 207 236 56 686 731 567 29 460 596 523 494 389
736 361 496 256 61 346 677 136 394 211 229 558 481 542 602 692 277 80 441 200 726 380 413 38 641 455 324 293 49 713 131 426 23 340 11 314 161 119 477 584 102 594 179 524 628 659 675 195 540 255
166 406 511 393 317 288 109 528 500 638 618 125 275 707 685 197 186 5 604 350 261 215 442 546 85 20 68 561 41 311 381 745 154 698 51 232 669 653 490 582 476 457 101 371 252 733 430 150 600 345
122 739 334 318 137 169 423 113 196 573 482 503 364 543 663 34 535 245 693 440 606 82 623 411 95 516 310 264 188 8 47 712 70 382 475 358 24 222 282 655 728 566 401 461 164 239 299 690 599 645
226 362 376 632 107 303 407 681 722 706 530 661 290 4 213 603 276 646 741 506 624 263 515 37 126 203 88 448 248 487 579 50 144 329 700 355 157 178 25 193 343 478 568 595 429 403 463 555 74 105

