30 15 450
15 3 81 14 59 2 8 10 88 9 14 13 18 5 22 11 52 12 75 4 33 7 23 8 69 15 42 6 26 1 54
15 7 4 4 79 1 76 11 59 14 42 8 28 5 75 15 60 12 41 6 14 2 99 9 58 13 41 10 66 3 1
15 5 37 7 63 13 46 12 79 1 38 8 44 15 18 14 45 6 55 2 78 10 79 9 27 11 6 3 21 4 70
15 12 58 5 63 15 56 1 27 2 37 10 51 3 37 9 31 6 24 11 73 13 7 4 72 8 34 14 32 7 27
15 1 95 6 33 12 81 2 23 8 26 5 12 15 32 14 60 3 89 7 78 4 20 10 35 9 35 13 34 11 17
15 12 64 6 11 4 58 3 70 1 31 2 74 5 82 13 31 8 65 9 90 14 63 15 81 10 80 7 70 11 82
15 12 99 10 28 7 63 8 81 3 86 15 10 13 7 6 17 2 22 4 45 11 92 14 1 5 37 9 37 1 43
15 5 86 12 92 9 74 3 93 6 42 7 28 13 59 8 77 14 81 1 41 10 11 2 45 11 62 4 22 15 57
15 2 12 3 90 13 70 8 89 6 37 14 56 11 21 10 74 5 63 15 39 1 37 9 83 12 78 7 66 4 6
15 12 38 13 67 9 27 8 11 11 45 4 21 7 73 10 47 3 31 2 24 1 59 14 91 5 46 6 48 15 42
15 4 63 3 17 15 59 8 27 10 81 7 7 11 19 1 52 12 74 2 9 6 50 9 59 13 41 14 64 5 96
15 2 81 6 91 14 10 7 46 9 65 11 73 4 59 3 93 13 75 1 47 10 61 5 86 15 65 8 29 12 21
15 3 63 9 9 14 81 6 37 10 32 1 62 13 93 2 63 7 53 4 99 8 62 12 10 15 85 5 43 11 25
15 12 26 13 46 10 7 14 50 11 68 5 81 6 88 8 66 9 90 4 51 3 62 1 29 2 87 15 41 7 8
15 12 90 14 8 13 63 8 57 7 23 6 5 1 20 2 6 4 31 10 42 5 86 9 76 15 98 11 45 3 86
15 1 11 3 94 2 42 7 95 10 43 4 51 13 42 6 39 14 82 9 1 8 96 5 36 15 74 11 74 12 74
15 15 12 9 77 2 13 4 31 14 9 5 39 1 57 3 25 11 55 12 60 13 87 7 55 8 85 10 12 6 78
15 4 55 6 4 11 12 2 42 5 46 7 89 9 44 15 33 8 15 12 73 13 47 10 72 14 81 3 79 1 6
15 1 77 13 44 2 62 14 17 4 70 5 19 10 69 15 70 12 30 11 97 9 82 6 36 3 19 8 33 7 50
15 2 98 10 42 14 4 8 26 1 84 11 34 3 3 12 59 15 52 13 70 9 49 7 42 5 6 4 7 6 6
15 5 2 3 84 4 1 13 76 14 10 11 2 7 75 8 10 10 97 9 3 15 18 12 53 6 31 1 84 2 17
15 9 63 12 6 4 77 7 85 13 20 3 28 11 81 10 76 8 33 5 76 14 27 15 87 1 13 6 37 2 62
15 5 20 2 70 7 89 11 60 9 64 4 39 12 67 13 78 3 7 10 46 1 25 6 49 15 27 14 76 8 98
15 14 3 10 22 6 9 13 66 7 39 9 51 4 30 2 92 8 94 3 8 12 24 15 27 5 88 11 9 1 65
15 4 79 11 33 15 62 6 85 12 17 8 64 9 66 14 2 2 71 7 88 5 64 10 3 13 44 1 60 3 6
15 1 91 13 24 7 5 2 31 5 53 10 53 8 8 11 15 15 11 6 53 14 22 12 83 9 50 4 81 3 52
15 11 87 3 62 1 84 6 91 5 53 10 17 14 72 15 13 13 92 9 92 8 16 4 13 2 13 7 69 12 44
15 10 83 4 62 9 61 14 26 5 14 7 69 15 34 6 61 3 12 13 2 1 27 11 51 12 64 2 14 8 82
15 15 54 3 82 7 68 11 83 2 71 6 81 12 6 8 42 1 22 10 22 14 94 5 25 13 53 9 5 4 70
15 7 67 8 72 13 47 6 35 5 78 10 34 2 67 14 86 3 89 11 69 9 46 15 57 12 87 1 22 4 87

insa:
2082
226 61 393 80 247 271 217 49 35 376 186 18 158 146 290 416 429 341 131 175 115 207 328 314 374 15 449 105 270 360
166 332 243 228 121 3 259 81 218 286 442 64 273 50 379 353 188 145 160 425 369 40 99 26 403 419 117 208 315 330
1 227 392 79 181 152 122 248 422 302 109 321 173 144 52 444 95 355 292 414 339 69 206 225 283 44 390 269 375 30
361 244 78 141 256 151 318 231 219 17 336 407 352 172 275 303 190 10 57 100 205 402 389 71 435 119 45 450 299 135
331 31 106 47 246 201 440 260 395 301 82 7 221 410 380 66 276 22 129 325 148 371 237 358 432 103 177 165 194 298
348 167 77 364 439 257 394 216 62 184 202 125 233 39 110 385 161 54 426 413 98 25 342 149 313 329 282 14 255 300
436 32 333 229 350 169 215 16 142 93 156 319 423 378 261 411 111 189 307 11 370 252 404 70 89 134 210 60 297 285
437 139 214 154 366 36 124 65 84 203 94 382 21 354 264 289 308 113 324 191 428 236 12 401 58 420 253 284 345 179
316 242 138 182 108 335 170 351 5 408 367 222 262 53 85 162 204 310 235 400 388 446 132 42 281 434 104 27 73 296
347 198 406 230 441 92 155 396 185 4 220 287 143 51 381 277 128 323 309 267 340 430 41 372 176 116 88 72 254 29
391 362 200 140 258 334 249 171 157 8 19 127 424 383 322 306 291 55 280 445 417 224 101 43 359 118 239 90 75 195
196 136 46 76 317 211 107 91 365 34 63 250 337 159 9 356 265 427 279 387 293 24 192 312 418 405 133 448 240 180
197 137 349 438 213 33 123 272 83 6 320 377 232 187 251 304 112 399 97 266 338 415 56 163 174 373 433 295 28 74
346 199 245 2 212 168 183 397 443 274 38 409 126 20 68 234 305 288 368 386 147 86 326 164 114 431 102 344 268 59
241 363 421 153 48 37 398 67 412 263 384 278 23 96 357 223 130 311 87 294 327 343 13 150 447 238 209 193 178 120

