20 15 300
15 13 91 12 17 9 4 10 63 8 67 14 30 1 87 11 80 3 95 5 14 6 17 7 22 4 1 15 85 2 41
15 3 77 6 77 1 9 11 77 5 24 2 8 14 64 12 6 4 12 15 13 7 71 9 76 10 95 13 8 8 6
15 4 92 3 3 7 12 10 27 6 58 13 66 1 99 14 33 8 7 11 78 15 96 2 30 5 54 9 23 12 88
15 10 19 15 45 6 65 8 24 14 30 11 30 13 49 3 32 4 78 9 31 2 3 7 25 12 9 1 2 5 22
15 4 84 9 61 7 35 2 44 14 37 1 16 10 97 6 85 15 51 3 26 13 13 8 76 5 41 12 2 11 96
15 4 85 9 55 14 2 12 65 13 52 2 97 5 81 15 8 7 22 6 59 10 95 1 52 8 85 11 64 3 13
15 12 64 3 94 1 4 7 13 5 98 2 26 6 32 13 20 10 97 8 28 4 63 9 2 14 23 11 14 15 62
15 13 56 4 98 5 56 12 28 9 1 2 96 6 27 1 38 14 41 7 94 11 77 10 63 3 63 15 81 8 6
15 6 63 9 98 8 64 1 37 13 89 14 96 2 88 7 13 5 72 15 28 11 57 10 99 4 11 3 8 12 96
15 7 17 4 71 10 80 9 33 3 87 2 82 13 44 8 14 6 85 15 2 1 60 5 72 12 27 14 63 11 66
15 7 47 1 42 5 61 15 17 9 65 14 5 13 96 12 47 11 9 2 20 10 10 8 11 6 86 4 90 3 65
15 1 66 7 91 5 8 4 37 9 99 3 90 12 16 2 89 10 17 6 98 14 87 13 8 11 40 15 33 8 37
15 3 99 10 2 6 22 13 12 4 13 15 62 5 30 14 44 12 25 8 56 2 10 11 44 9 25 7 39 1 65
15 12 35 8 62 11 52 5 84 9 30 15 2 7 50 4 69 10 64 6 54 2 45 14 38 3 90 13 70 1 37
15 9 73 14 40 11 16 13 21 1 50 10 10 3 46 7 2 12 48 2 16 4 58 15 37 6 12 8 30 5 82
15 15 76 8 40 12 21 7 91 11 48 10 6 3 91 1 75 2 79 13 51 9 51 4 81 5 70 14 65 6 19
15 9 49 14 5 8 59 10 40 12 74 13 70 6 84 5 47 3 25 4 86 15 75 7 26 1 51 11 32 2 15
15 9 11 15 18 6 6 12 60 2 83 1 64 8 85 4 21 13 52 3 49 10 30 11 56 14 31 7 25 5 31
15 9 83 7 42 2 11 12 64 8 44 13 90 15 8 11 35 1 72 10 67 4 72 5 55 6 43 14 88 3 35
15 14 19 2 53 5 80 1 89 6 21 8 34 4 56 7 89 13 50 9 28 12 15 3 27 11 74 15 83 10 79

insa:
1518
166 18 289 93 124 152 261 66 7 233 215 113 37 279 146 253 59 87 195 210
287 260 21 273 64 96 141 111 191 81 127 220 173 234 206 160 56 42 15 255
16 92 181 140 53 232 32 249 171 297 217 265 70 9 208 134 118 165 285 90
61 137 76 169 107 185 292 24 31 54 250 263 203 101 221 281 13 237 133 164
288 168 20 95 108 187 248 199 153 82 129 10 73 147 282 270 60 43 238 225
121 258 17 48 290 183 247 97 35 112 68 144 85 11 205 175 283 163 223 240
136 151 167 94 272 63 229 293 33 26 202 218 128 84 252 115 269 12 194 57
243 197 123 49 227 291 5 275 262 190 143 100 39 72 162 224 88 30 180 120
241 256 122 271 3 62 139 77 170 211 110 295 200 27 155 102 193 55 236 44
46 244 138 4 182 231 67 34 99 216 28 266 204 280 174 86 161 132 117 300
19 51 230 198 213 8 278 192 298 267 40 104 131 159 116 75 150 178 254 89
196 91 259 245 2 228 274 23 79 109 189 296 172 219 158 74 148 58 135 45
106 1 246 125 184 52 98 276 294 80 214 36 264 142 71 157 235 177 29 209
286 242 50 22 78 6 65 126 188 212 38 156 114 103 268 207 149 176 284 239
257 47 226 186 25 277 201 251 69 154 83 299 145 130 105 41 222 14 179 119

