30 20 600
20 6 51 1 93 7 49 17 1 3 52 16 26 20 74 11 59 13 44 14 8 5 81 4 95 10 68 18 57 19 57 2 40 8 17 9 92 15 88 12 6
20 18 75 12 22 17 11 14 49 2 31 8 32 5 5 15 51 11 14 9 43 3 43 20 24 4 83 13 67 7 2 6 45 1 75 16 35 10 50 19 95
20 16 80 10 13 19 36 20 51 2 63 17 58 18 30 9 75 1 72 15 92 14 13 3 13 8 92 4 12 13 76 12 29 6 64 7 58 11 26 5 21
20 14 91 2 95 20 51 3 75 11 89 7 56 9 74 4 60 1 86 17 70 10 97 6 11 15 61 18 68 16 43 12 5 13 17 5 18 19 14 8 93
20 14 40 4 9 3 80 20 82 2 67 1 33 16 84 7 39 19 48 15 89 6 95 17 60 18 4 10 99 12 92 11 52 13 79 8 9 5 89 9 54
20 7 55 18 70 15 95 20 60 8 9 13 82 4 52 19 30 6 6 12 27 9 57 1 89 2 63 16 29 17 55 11 37 14 66 5 16 3 87 10 63
20 1 44 11 47 16 90 12 35 18 79 15 57 6 58 7 98 9 62 4 8 10 31 17 94 13 49 3 90 2 11 20 63 19 22 14 44 8 96 5 86
20 10 63 11 80 9 72 14 83 17 25 19 55 16 68 4 42 7 70 6 64 2 24 12 7 15 45 1 12 8 17 18 8 3 41 13 88 5 7 20 83
20 5 68 7 99 20 37 6 33 3 72 10 98 17 92 19 28 8 14 9 16 13 99 2 9 16 93 14 25 18 8 11 64 1 4 15 74 4 35 12 37
20 18 79 2 34 13 36 6 83 3 48 4 23 9 2 8 5 7 16 10 76 20 10 16 95 15 12 11 94 5 46 19 53 12 35 17 73 14 78 1 55
20 18 31 16 75 12 11 1 92 8 46 7 84 6 39 10 17 5 83 13 87 11 86 3 93 15 68 17 67 20 83 4 4 14 96 9 3 2 7 19 51
20 14 4 15 50 3 20 6 74 1 37 12 95 17 65 18 83 16 98 10 25 19 64 7 90 20 51 8 61 13 97 4 70 5 14 2 13 11 99 9 83
20 4 41 6 81 14 93 1 78 15 53 13 66 12 40 17 8 3 63 20 66 9 2 10 36 16 24 5 61 8 75 18 27 7 71 19 23 11 18 2 60
20 16 87 6 29 19 36 18 2 7 18 17 2 14 11 13 47 4 94 3 92 10 58 1 93 2 47 15 90 9 28 11 54 12 28 20 84 5 68 8 4
20 11 23 7 74 20 95 16 64 5 21 18 46 9 86 2 8 13 58 19 64 1 99 10 29 4 47 6 64 14 6 12 25 3 63 17 59 8 96 15 19
20 4 75 10 75 17 76 7 83 8 22 12 98 15 85 9 75 19 11 13 64 6 21 18 94 20 46 11 63 3 78 2 35 1 9 16 16 14 39 5 28
20 14 57 19 66 6 46 7 84 9 16 1 19 5 1 11 29 8 65 13 42 2 87 16 38 4 88 17 83 20 86 3 21 12 38 18 61 10 29 15 74
20 6 66 16 74 2 43 3 55 20 86 19 69 13 11 14 12 17 61 18 56 15 56 10 77 1 80 12 16 11 13 4 14 9 14 5 96 7 88 8 20
20 9 52 15 1 7 82 4 57 12 18 5 94 13 44 16 81 2 25 1 75 18 29 8 74 6 10 11 24 20 63 3 42 19 62 14 98 17 67 10 72
20 11 81 1 95 15 46 3 6 17 5 20 18 18 79 7 43 4 28 9 27 13 84 12 83 8 99 14 60 16 86 10 21 2 13 6 28 5 91 19 20
20 18 63 15 56 2 24 5 43 8 30 17 22 1 31 19 64 20 56 14 62 16 25 9 85 3 13 12 76 11 63 7 51 4 87 13 21 10 65 6 1
20 15 54 17 1 18 71 6 76 5 23 9 90 11 19 13 97 4 84 20 27 3 70 10 38 19 62 14 94 16 47 1 22 8 52 2 21 7 11 12 97
20 2 91 15 67 3 12 9 75 14 42 7 38 13 63 4 92 6 41 19 14 18 28 12 84 11 39 1 49 8 23 20 58 16 9 5 19 17 17 10 46
20 8 89 12 44 4 61 10 63 9 95 5 70 19 49 6 99 15 44 1 68 11 86 14 86 2 11 3 13 16 17 18 85 20 62 7 80 13 37 17 2
20 20 39 7 42 10 19 17 81 18 46 9 87 15 7 12 58 8 27 11 97 19 53 3 21 4 69 1 97 2 64 13 47 5 11 6 43 16 67 14 11
20 3 4 17 13 18 44 7 27 4 23 5 25 12 44 6 39 19 38 15 31 16 38 20 95 1 13 10 19 8 29 13 37 14 44 11 77 2 24 9 39
20 14 56 12 91 17 37 15 36 7 86 16 2 2 39 18 19 1 90 13 43 6 72 4 87 3 37 5 39 8 90 9 33 11 73 10 88 19 34 20 66
20 11 56 3 32 7 48 1 6 20 9 15 57 8 21 13 56 19 37 17 75 6 40 10 93 16 97 4 5 12 67 14 24 2 20 18 15 5 16 9 21
20 16 31 20 30 12 88 18 45 19 37 14 38 5 3 7 97 9 40 13 29 4 24 15 30 2 29 11 45 17 51 3 58 6 82 1 51 8 85 10 37
20 1 38 19 77 20 8 7 48 12 46 5 89 6 96 14 50 3 21 13 38 18 57 4 26 2 97 17 70 9 23 11 18 10 33 8 34 15 35 16 69

insa:
2662
581 121 2 204 544 382 244 225 326 407 86 49 529 291 353 69 370 513 470 112 454 272 578 494 154 436 37 177 317 200
441 182 62 343 403 85 45 288 527 369 573 25 331 593 172 473 273 113 135 151 519 16 397 495 238 438 219 316 557 260
501 542 83 223 443 5 344 64 165 185 384 249 589 52 270 212 576 533 431 31 413 492 474 376 134 297 157 336 315 119
241 301 82 463 505 186 364 107 269 68 389 571 448 12 592 293 130 532 429 54 356 333 148 33 493 236 417 216 554 179
161 285 404 586 466 425 506 327 209 567 11 366 254 27 534 358 195 458 237 99 118 399 497 78 140 159 279 559 60 320
1 341 323 242 224 184 164 424 262 587 207 468 508 127 109 531 551 91 449 311 294 373 577 72 150 36 398 57 498 420
101 282 162 584 543 3 324 504 446 304 206 265 189 525 363 482 66 568 88 388 128 232 149 416 35 257 359 478 439 58
461 547 205 405 188 105 329 305 169 26 489 53 515 255 393 455 372 598 234 535 579 98 155 17 437 139 360 299 80 280
361 444 465 287 187 325 48 251 67 569 426 390 486 170 111 129 143 308 412 595 30 357 536 275 18 520 218 100 240 560
302 464 42 141 208 166 190 483 352 252 230 292 552 514 13 131 94 271 597 432 71 460 396 580 538 39 419 339 380 120
281 381 541 122 142 65 8 328 355 427 574 211 490 471 453 29 596 194 374 96 415 518 537 116 276 176 314 239 259 59
462 563 203 522 585 124 226 247 507 365 22 306 110 354 488 392 452 95 414 152 296 197 277 56 76 337 555 180 440 20
183 548 447 246 289 347 9 106 268 330 530 210 570 367 590 391 428 516 171 310 133 235 34 97 55 418 496 77 158 479
321 221 81 61 521 243 445 348 267 566 10 588 24 51 410 517 144 394 472 295 434 174 378 138 117 217 199 556 319 500
421 222 442 362 402 546 524 103 245 383 126 351 510 90 572 487 50 469 307 28 193 213 599 73 274 153 178 19 300 340
561 202 342 41 284 123 6 261 526 87 229 511 368 253 192 411 332 147 457 173 475 114 395 435 553 38 75 600 499 318
502 422 303 4 523 406 46 385 227 349 248 266 484 23 550 167 575 92 594 132 145 70 214 334 459 115 298 198 379 480
201 401 181 102 564 423 286 503 21 125 264 47 387 528 350 228 485 591 451 371 93 14 312 476 175 256 74 156 338 558
322 582 43 565 549 263 346 467 290 509 108 89 408 168 231 450 491 309 15 146 433 377 196 137 258 539 40 79 400 220
481 562 283 583 84 545 163 63 44 345 7 386 104 250 191 409 512 233 430 456 32 375 313 215 136 477 335 278 540 160

