20 15 300
15 8 15 13 89 7 49 4 95 9 40 6 79 1 44 10 59 2 87 11 88 3 48 5 44 14 43 15 11 12 75
15 9 6 4 46 13 18 6 4 7 56 10 44 2 15 15 40 5 44 3 79 12 1 1 32 11 5 14 92 8 76
15 2 78 1 45 9 61 5 49 12 26 15 36 13 94 7 80 14 49 10 53 3 4 6 51 8 82 11 36 4 76
15 12 58 14 34 11 70 1 19 5 85 8 69 15 87 6 38 4 5 3 88 10 66 2 3 13 10 9 28 7 18
15 15 78 7 7 3 83 11 75 12 39 6 24 13 10 10 13 4 42 2 2 14 61 5 26 1 11 8 89 9 39
15 8 80 6 88 13 13 14 92 10 11 12 62 2 42 5 3 4 6 7 36 3 49 9 98 1 40 15 59 11 15
15 15 83 14 12 9 48 10 1 2 76 1 32 12 1 5 81 3 53 4 70 11 78 7 75 8 7 13 82 6 31
15 8 75 14 13 5 9 12 11 1 49 11 15 6 57 3 84 7 77 2 80 9 41 13 82 4 68 10 64 15 50
15 6 39 12 64 5 88 2 9 13 97 15 99 14 27 8 48 9 18 7 49 10 50 3 26 1 54 4 80 11 77
15 10 66 5 87 4 27 9 47 15 68 6 75 7 31 14 25 12 49 11 85 13 86 8 12 2 26 3 82 1 78
15 12 93 14 87 7 74 6 26 11 60 4 76 13 3 9 98 3 72 5 52 10 73 2 75 1 28 15 1 8 51
15 12 79 2 13 5 14 8 27 13 14 4 5 6 58 11 32 15 38 3 67 14 70 1 86 7 28 10 94 9 33
15 2 83 6 67 8 18 13 20 14 4 7 84 12 22 5 8 9 91 4 89 15 25 11 8 1 69 10 85 3 46
15 5 64 11 18 8 12 9 43 4 78 14 65 1 20 15 53 12 32 13 49 10 25 7 10 2 43 3 30 6 3
15 9 99 5 29 12 50 14 99 2 53 10 65 1 23 7 49 13 91 6 1 3 86 11 7 4 68 8 71 15 89
15 14 13 9 19 11 31 6 94 7 78 15 43 12 16 8 56 13 76 1 1 2 11 5 24 10 13 3 62 4 55
15 6 43 9 24 14 85 12 20 10 6 15 44 11 49 2 41 13 67 7 47 5 25 8 86 4 6 1 6 3 30
15 3 68 10 92 5 15 1 80 6 29 8 72 9 22 11 41 13 49 12 36 4 97 14 80 7 23 2 77 15 4
15 2 51 5 34 9 10 11 96 7 74 12 80 10 65 6 75 14 14 1 83 8 13 13 78 4 61 15 43 3 58
15 2 69 11 56 14 15 13 89 6 22 5 21 7 89 15 16 12 59 8 83 9 20 3 33 10 11 1 67 4 90

insa:
1622
110 259 32 49 96 217 27 7 177 133 299 280 235 202 88 254 193 73 163 150
271 286 181 22 31 124 95 167 215 248 70 115 82 9 236 148 162 57 269 208
256 63 113 25 99 175 221 132 297 159 86 55 41 11 255 149 239 195 209 285
17 138 4 200 171 156 69 100 190 54 266 84 223 134 300 253 118 283 240 45
196 272 108 137 258 212 123 24 291 168 50 34 98 188 83 160 251 237 72 12
19 121 241 182 260 290 154 112 77 229 172 66 141 6 220 53 278 42 105 210
20 62 3 153 275 186 292 218 114 142 130 230 38 178 85 250 268 102 207 60
106 1 198 76 183 261 169 51 128 295 30 233 147 224 281 252 43 103 74 165
16 227 211 273 199 93 139 242 33 262 5 189 129 158 296 116 87 180 59 75
136 257 21 94 216 245 68 80 277 131 8 298 179 40 238 161 56 206 194 119
228 197 287 111 274 48 155 64 263 28 173 247 145 222 192 10 101 135 44 90
46 151 109 122 213 166 97 244 65 35 26 187 276 265 294 144 81 232 204 15
18 2 289 184 125 78 170 264 37 67 219 157 249 146 234 117 282 205 58 104
226 107 47 288 152 92 214 185 243 79 127 29 143 176 279 39 201 71 267 13
61 91 23 140 126 36 293 246 174 52 231 191 203 89 225 14 284 164 270 120

