100 20 2000
20 10 53 20 48 8 17 7 42 3 70 14 99 12 23 19 79 17 42 9 88 15 23 4 77 2 59 5 45 6 84 1 58 16 47 11 91 13 29 18 48
20 4 52 3 74 7 35 16 3 17 45 19 36 9 92 15 20 11 58 13 14 14 5 2 93 18 46 1 36 6 94 12 76 8 63 5 95 10 66 20 49
20 13 42 12 62 14 83 17 59 8 60 10 8 4 15 20 10 11 1 15 78 3 27 1 98 19 35 7 22 2 80 18 77 16 86 6 63 5 44 9 39
20 13 10 20 6 6 62 12 67 15 66 5 38 14 20 8 76 7 94 16 67 19 34 2 59 1 27 4 61 18 10 3 67 11 21 17 90 9 73 10 14
20 13 17 3 37 11 21 12 91 9 7 19 44 18 22 7 50 6 31 14 82 10 53 15 21 5 89 17 35 20 48 16 16 4 70 2 93 1 41 8 5
20 13 63 15 68 19 45 1 41 10 78 4 74 16 97 17 14 3 48 14 54 18 91 8 92 12 91 11 64 6 61 20 6 9 6 5 60 2 65 7 73
20 3 91 19 58 9 75 11 11 18 7 13 86 20 70 10 26 8 53 5 5 12 81 15 66 2 57 4 77 1 89 17 49 14 3 16 59 7 93 6 37
20 6 33 12 97 1 81 19 35 17 83 7 28 4 47 8 34 14 23 10 96 11 31 15 94 20 63 16 21 13 1 2 56 18 36 9 50 5 91 3 88
20 9 37 2 70 8 38 16 84 18 25 13 32 15 72 19 37 17 23 1 14 4 44 14 3 10 25 5 91 20 97 12 88 11 64 7 81 6 65 3 59
20 12 40 14 23 1 52 5 39 9 64 20 9 15 65 3 22 18 71 13 51 19 7 7 7 4 7 6 34 11 59 16 2 17 45 2 41 8 96 10 20
20 1 48 10 63 3 47 8 12 5 56 4 86 16 86 18 1 7 20 2 80 11 82 9 4 20 8 6 55 17 85 19 75 12 22 15 11 13 46 14 48
20 17 76 12 56 7 19 14 7 18 44 15 90 3 23 6 12 2 57 5 99 9 75 10 22 16 59 20 96 4 5 1 67 19 94 8 64 13 88 11 77
20 12 87 15 22 19 14 9 19 2 98 10 68 6 47 11 97 3 10 4 71 17 66 1 42 5 21 18 49 14 87 20 49 7 54 13 74 16 92 8 25
20 4 22 20 64 15 21 11 44 17 34 8 43 1 14 2 73 13 38 6 58 12 52 7 26 19 6 9 56 5 98 3 2 16 98 10 49 14 91 18 65
20 7 58 10 56 12 73 5 22 15 65 9 94 11 98 20 13 6 25 13 66 19 35 18 50 4 8 16 47 1 33 2 24 17 53 14 39 8 43 3 96
20 7 99 2 72 6 40 19 88 14 39 16 26 10 57 4 81 8 63 9 71 17 93 15 59 11 12 5 71 18 87 12 52 13 67 1 27 20 70 3 91
20 13 63 17 87 3 72 4 44 1 20 19 77 10 48 11 34 20 62 5 64 14 26 16 68 7 92 18 18 8 51 6 43 12 15 9 70 2 23 15 56
20 7 6 16 39 1 65 6 47 3 69 13 17 20 35 11 94 4 52 8 58 14 63 5 63 12 89 17 56 9 30 2 24 19 37 15 3 10 61 18 12
20 5 80 2 50 16 35 20 43 1 96 19 3 17 81 15 10 13 14 12 32 4 54 10 21 11 57 9 78 3 56 18 8 7 60 6 37 8 47 14 2
20 13 93 20 46 14 47 9 13 11 87 15 60 18 83 2 69 8 32 4 12 5 2 19 89 6 3 7 12 3 14 16 99 1 69 12 12 17 79 10 72
20 16 99 13 55 12 44 20 16 4 49 1 86 15 40 5 40 2 41 14 36 19 93 9 34 18 88 3 90 8 99 6 37 17 54 7 82 11 4 10 55
20 5 31 7 26 6 12 8 48 2 41 3 2 14 25 4 17 10 32 19 77 17 98 16 2 13 82 1 92 12 33 18 53 11 53 9 28 15 27 20 86
20 20 86 18 59 19 40 13 42 6 46 16 78 1 14 9 7 5 49 2 6 7 28 11 12 14 73 17 35 15 64 3 57 8 77 12 64 10 63 4 15
20 17 17 16 59 19 60 9 37 2 95 8 78 18 61 11 45 1 51 10 67 13 34 15 45 12 47 6 86 14 74 7 5 4 67 5 79 3 27 20 9
20 13 70 12 23 2 29 1 78 9 54 7 3 16 27 4 82 18 30 10 90 8 27 20 95 14 8 19 9 15 58 5 41 17 25 6 87 11 35 3 24
20 10 39 2 62 20 80 17 74 8 25 6 43 18 79 12 52 9 12 1 6 3 67 4 46 19 37 5 14 13 37 16 2 11 82 15 12 14 38 7 9
20 11 84 6 87 16 40 17 12 3 9 10 62 5 27 1 68 9 24 20 79 15 52 14 18 2 57 13 93 18 61 19 15 12 61 4 21 8 93 7 57
20 9 54 6 89 10 30 20 4 3 37 12 72 19 1 5 10 4 65 8 81 13 22 2 17 7 72 11 41 15 51 16 42 17 21 1 39 18 1 14 59
20 5 65 7 82 13 11 6 85 10 8 16 53 1 89 17 29 12 60 4 22 8 46 9 29 18 22 19 71 14 35 20 6 3 22 11 77 15 69 2 30
20 17 43 16 35 11 84 4 68 6 85 15 3 13 11 19 13 14 66 1 74 2 30 9 54 20 12 18 94 8 85 5 86 3 74 12 17 7 88 10 6
20 12 81 6 3 4 69 5 81 1 52 10 59 17 88 18 99 14 63 13 35 19 48 11 26 3 44 2 38 15 32 20 4 8 80 16 44 9 86 7 90
20 16 35 3 14 12 63 13 25 6 7 2 22 11 72 4 38 8 63 15 80 19 65 20 84 14 8 5 18 18 79 9 42 7 94 10 89 1 29 17 40
20 17 98 18 76 14 87 3 69 2 65 7 64 15 58 5 7 19 18 16 7 20 9 1 36 13 48 9 48 10 83 11 43 6 35 4 84 12 32 8 84
20 15 22 1 95 18 92 20 95 19 70 12 84 5 3 4 56 13 31 16 10 11 35 14 47 17 94 10 61 8 45 3 47 2 4 6 1 7 35 9 53
20 17 1 16 22 15 46 7 91 5 78 6 48 2 32 20 93 1 28 11 91 3 16 13 52 18 48 14 43 9 11 10 68 4 44 8 51 12 11 19 33
20 15 26 4 65 6 93 19 8 7 44 17 98 2 50 20 36 11 5 3 68 13 6 10 49 1 46 5 55 18 1 8 94 14 13 12 39 16 90 9 40
20 11 63 17 30 8 24 12 41 15 97 6 71 14 92 13 91 18 22 7 97 10 49 3 40 4 37 2 36 9 23 16 83 19 53 1 71 20 64 5 76
20 6 37 16 60 14 79 17 25 19 83 20 21 9 10 12 78 5 75 7 9 4 70 3 36 1 41 18 8 2 1 11 19 13 1 15 6 10 67 8 46
20 14 5 1 29 12 76 8 16 19 81 6 9 7 94 9 82 15 71 5 5 10 3 11 38 20 25 16 85 2 45 3 62 4 30 13 58 18 10 17 20
20 6 85 12 99 14 30 10 23 18 91 4 32 15 61 13 42 20 11 5 56 17 33 2 30 16 27 3 19 19 14 1 81 11 21 9 56 8 57 7 68
20 2 4 8 20 16 37 10 62 20 79 6 62 18 71 9 18 3 82 12 7 4 42 13 97 7 10 1 6 15 25 11 70 17 27 14 87 19 69 5 53
20 13 14 14 19 7 36 19 52 9 88 3 67 15 2 2 30 17 83 5 86 8 97 10 33 1 23 20 5 6 42 12 77 11 47 4 58 18 23 16 44
20 6 82 14 73 10 91 12 78 11 54 17 1 5 30 19 9 1 37 18 3 9 71 4 26 15 98 3 70 8 35 20 55 13 72 7 47 16 35 2 85
20 11 36 2 14 18 96 3 61 20 3 15 30 1 98 9 75 16 41 17 79 4 96 10 73 19 54 5 72 13 29 8 6 7 31 6 32 12 34 14 50
20 20 93 14 16 4 96 8 73 11 94 7 36 10 29 3 38 15 63 12 14 18 7 13 7 5 56 17 54 6 7 16 83 19 33 9 60 1 88 2 58
20 17 64 13 11 15 13 20 4 10 74 9 23 16 84 19 62 1 8 7 42 3 96 12 26 14 41 8 2 5 28 4 14 2 99 6 14 18 65 11 80
20 5 10 4 99 11 20 16 80 12 60 6 2 1 98 13 97 15 1 2 1 3 59 20 1 17 26 19 99 9 89 7 38 8 15 18 47 10 74 14 14
20 2 52 20 50 6 13 15 73 13 88 14 67 19 78 10 82 8 18 17 86 1 27 7 34 11 26 16 30 18 17 5 2 12 87 3 85 9 40 4 77
20 5 70 7 98 4 23 14 29 2 88 11 31 3 7 6 92 19 3 17 80 18 18 8 39 16 57 9 56 10 8 20 1 1 79 15 90 12 74 13 55
20 20 25 7 29 1 51 4 83 6 91 5 93 13 44 9 16 3 23 8 7 18 57 19 56 10 72 2 41 11 68 15 25 14 63 17 43 16 87 12 53
20 10 35 19 12 13 89 11 41 2 70 3 18 14 70 7 69 9 5 18 59 8 30 5 34 12 23 4 42 1 45 16 92 20 92 17 60 15 98 6 41
20 12 61 2 4 3 30 16 50 14 50 9 39 5 41 11 15 17 22 15 55 13 37 18 7 19 88 7 58 6 90 1 64 4 7 20 23 8 19 10 37
20 17 4 13 57 11 1 3 80 7 21 19 35 10 32 18 98 1 78 2 50 16 79 5 53 20 40 12 19 8 25 14 84 9 91 6 51 15 95 4 4
20 14 73 6 92 9 25 20 41 10 58 16 36 2 50 11 90 5 98 18 39 19 94 15 64 3 15 1 29 8 27 4 89 17 50 13 26 12 38 7 11
20 15 82 3 37 4 99 7 34 13 94 6 46 17 74 20 45 5 78 2 41 10 58 8 43 1 71 16 59 12 25 18 55 19 84 14 48 11 84 9 57
20 3 11 12 53 1 39 16 81 20 66 7 99 5 73 4 76 18 7 15 91 10 33 17 47 19 14 9 51 2 25 14 4 6 15 8 26 11 79 13 70
20 7 79 16 97 10 9 1 56 15 50 9 43 14 55 2 32 5 91 6 75 18 83 19 17 13 55 11 43 20 80 12 62 3 60 8 3 17 56 4 33
20 14 97 3 40 13 32 4 7 6 85 7 60 18 19 20 13 9 54 11 62 17 47 1 11 16 32 12 49 19 65 10 69 8 67 2 96 5 7 15 71
20 20 7 8 54 16 19 15 14 11 68 10 74 5 1 18 62 14 53 3 51 9 35 7 23 12 88 2 68 19 53 17 39 4 65 1 64 13 93 6 93
20 13 9 1 28 18 6 19 73 7 73 6 71 12 7 4 57 3 95 11 93 16 56 8 67 10 23 14 30 9 98 2 37 5 34 15 27 20 45 17 62
20 4 32 1 71 15 47 6 16 5 50 16 96 3 31 18 10 13 63 11 10 17 74 8 88 7 32 12 50 9 93 10 41 20 55 14 5 19 69 2 83
20 8 4 5 8 16 91 14 54 12 59 10 51 2 58 9 55 7 63 1 3 13 64 19 38 20 21 15 8 4 69 17 93 11 95 3 61 18 37 6 74
20 8 86 5 46 2 71 20 94 7 84 15 72 14 51 13 75 1 46 18 17 12 35 19 22 6 43 16 64 11 4 9 32 10 22 4 71 17 26 3 62
20 2 44 10 55 6 12 15 38 18 35 1 6 4 61 3 93 19 18 14 62 5 42 12 23 13 9 7 71 9 79 20 84 8 90 11 67 17 92 16 48
20 2 78 19 22 13 8 1 85 6 92 12 8 10 45 15 38 3 20 16 38 9 73 7 53 4 44 18 19 11 75 14 41 8 71 5 6 20 84 17 74
20 9 30 20 41 19 20 8 49 5 60 17 59 7 40 16 72 10 31 13 26 2 55 15 3 18 61 3 57 11 58 4 87 1 88 14 40 12 94 6 78
20 8 8 3 15 2 66 7 46 12 22 13 66 15 13 19 7 10 30 16 64 4 55 9 31 18 96 17 82 20 60 1 14 14 63 5 56 6 71 11 63
20 17 29 4 10 6 78 11 46 16 94 9 97 7 85 15 86 14 63 20 50 19 49 8 27 18 63 12 81 3 4 1 80 5 9 13 95 2 6 10 83
20 6 63 12 28 2 37 1 62 17 56 11 73 7 54 3 70 8 53 9 7 13 35 15 64 19 22 5 98 16 41 20 6 18 88 10 20 14 5 4 86
20 9 84 4 84 3 21 15 35 1 54 2 98 17 95 7 54 12 63 10 59 5 74 19 90 20 68 11 98 6 39 18 83 14 5 8 19 13 74 16 73
20 3 1 17 41 10 31 7 10 20 99 4 94 1 9 8 69 13 55 18 92 19 17 6 89 15 73 11 10 5 98 14 38 16 13 12 52 2 48 9 87
20 12 70 8 40 16 18 15 41 3 26 1 65 2 7 5 56 13 32 10 37 4 32 20 48 17 77 6 26 18 91 11 5 14 33 19 74 9 90 7 97
20 16 1 12 55 9 80 15 27 4 58 14 92 19 18 1 91 5 23 7 96 2 86 18 40 20 17 13 39 10 49 6 31 3 60 8 53 17 74 11 23
20 7 73 18 19 6 89 1 90 8 27 16 84 19 73 20 30 2 51 13 33 3 84 11 21 5 38 9 29 4 34 10 12 15 57 17 46 14 9 12 8
20 17 65 7 39 18 15 6 72 12 65 10 6 14 99 20 83 2 65 15 84 3 85 8 90 9 23 19 45 1 74 16 88 5 26 13 41 11 61 4 28
20 4 86 6 60 18 48 16 8 7 18 14 14 13 71 17 41 15 76 11 57 1 72 19 23 2 81 8 50 9 60 12 15 5 33 20 54 3 67 10 80
20 13 25 16 19 20 88 4 68 11 40 17 42 3 60 19 29 12 87 8 57 10 77 9 23 18 91 14 34 1 96 2 22 5 84 6 26 15 66 7 76
20 6 41 7 23 13 34 4 31 5 65 11 43 16 51 1 35 18 42 15 56 20 29 9 79 8 22 17 66 10 68 14 32 2 21 12 82 3 42 19 66
20 2 29 18 24 19 48 16 13 1 93 15 68 6 17 12 51 9 49 4 76 17 40 7 88 3 85 10 43 14 56 5 31 13 77 8 88 11 53 20 53
20 9 17 7 18 2 36 11 1 6 54 13 20 1 95 12 20 3 57 4 42 5 3 16 55 18 18 14 39 20 85 19 28 8 21 15 49 10 7 17 98
20 1 89 15 97 19 66 16 17 6 2 8 32 13 94 12 71 11 87 17 45 7 45 10 21 20 91 3 30 4 33 9 20 18 97 5 34 14 15 2 24
20 11 57 3 89 19 78 14 21 12 58 10 78 15 25 5 51 16 7 13 1 20 61 18 92 2 13 4 73 7 35 17 46 1 61 9 4 8 68 6 3
20 11 77 5 79 8 61 19 52 9 74 10 31 18 71 20 98 2 4 15 62 17 44 16 38 12 25 14 29 6 40 1 30 3 65 4 79 13 57 7 10
20 1 50 4 95 2 33 20 34 16 49 9 25 17 22 12 87 14 46 11 13 6 96 10 98 7 43 8 80 18 70 13 7 15 97 5 19 19 74 3 47
20 11 83 7 93 9 90 3 96 8 75 16 41 14 68 10 43 19 77 13 32 17 75 2 1 18 28 12 11 15 90 6 5 5 4 4 63 20 79 1 92
20 19 61 13 65 7 48 20 2 16 98 17 44 2 4 3 50 8 66 4 97 18 26 5 85 1 71 10 52 12 32 14 98 15 60 11 88 9 75 6 43
20 10 97 16 42 9 77 15 4 1 80 8 95 4 17 19 50 5 32 14 44 3 93 13 2 7 5 20 68 6 78 17 21 12 70 18 18 11 49 2 5
20 17 86 19 18 16 71 1 19 7 13 3 72 13 12 15 64 4 78 12 37 10 69 14 13 8 78 9 60 6 71 20 63 11 77 18 41 5 84 2 71
20 10 17 7 80 13 96 19 44 16 2 12 92 18 32 4 57 8 74 15 32 11 48 1 61 5 47 17 78 20 81 9 86 2 29 3 64 14 48 6 34
20 17 8 14 79 18 71 15 87 13 1 16 61 19 82 9 7 20 53 7 70 3 54 12 62 6 75 11 13 1 53 4 53 5 78 2 97 10 18 8 39
20 17 70 3 55 15 92 4 59 20 62 10 16 7 4 18 29 16 18 1 20 8 56 12 82 6 33 13 77 19 64 9 25 11 75 2 46 14 54 5 55
20 14 71 10 69 2 9 19 92 8 69 13 91 20 63 3 3 12 96 7 9 18 48 4 29 17 14 15 15 16 11 5 2 9 43 1 52 6 54 11 96
20 4 72 20 65 10 18 17 80 15 55 6 45 5 34 7 67 16 59 12 5 2 38 8 99 9 91 11 15 3 42 14 74 1 24 18 23 19 10 13 53
20 12 3 8 17 16 78 17 72 4 63 3 92 13 35 6 62 18 86 20 5 15 55 7 77 10 95 11 49 9 6 19 58 1 16 14 78 2 62 5 73
20 9 38 16 51 14 28 15 76 19 38 17 96 20 91 1 32 8 90 18 73 13 56 12 67 5 4 2 55 4 77 10 20 7 43 3 62 6 79 11 49
20 18 37 9 71 3 80 12 33 10 95 5 41 11 15 16 67 6 10 20 94 1 63 15 97 7 56 17 42 19 35 4 63 8 16 13 92 2 13 14 88
20 1 14 19 41 13 82 5 47 9 49 15 52 6 64 7 25 17 12 14 56 3 47 8 42 10 77 16 89 18 92 2 41 4 75 20 23 12 40 11 91
20 10 99 16 52 15 30 13 27 8 86 4 29 6 80 20 78 1 76 3 13 2 12 9 23 5 66 17 30 7 66 19 52 11 67 12 42 14 91 18 84
20 20 94 5 7 11 40 19 29 2 87 18 18 1 82 9 75 6 32 10 45 15 19 7 23 13 69 8 1 3 92 16 9 4 29 14 37 17 8 12 78
20 5 79 12 39 10 46 18 95 1 4 13 55 15 80 2 79 20 35 14 11 3 4 4 24 16 63 17 14 7 34 9 14 11 57 8 58 6 14 19 60

insa:
6015
1921 201 1182 1661 662 1103 983 183 1266 104 343 1202 1426 1744 1601 1548 484 143 406 1385 762 605 1985 1124 1565 1725 1284 267 1967 1364 1049 1587 252 170 849 510 1888 567 365 1448 528 1152 1407 867 1230 469 833 1093 927 1511 447 1015 951 689 1713 909 325 1838 590 1810 1772 1464 1949 34 1656 318 652 1911 135 52 1795 1249 814 295 1857 977 1535 236 1178 738 1356 73 397 1877 1495 713 16 1637 434 753 1336 1074 1317 639 796 558 99 1036 899 1700
801 1561 1261 941 162 502 425 302 626 1823 1427 1583 862 483 1281 245 828 1386 409 1663 362 1965 1022 1243 1128 1707 388 1363 268 965 465 1005 1067 229 1050 1489 1851 1227 1090 687 32 210 1323 645 133 1174 994 1513 1649 1311 450 707 1633 1557 1894 917 1951 13 1988 356 614 930 1451 1692 591 734 296 775 533 198 552 1220 72 55 1818 1196 1536 1777 1419 677 1115 98 1879 755 1158 1469 792 1359 119 1936 156 1760 1798 1740 1919 339 580 860 900 1620
1101 121 1082 82 426 622 1401 1322 1425 22 345 5 1044 1142 1527 1383 826 1746 203 1903 1622 249 1023 323 1866 989 1708 1684 1268 1170 227 511 1207 864 525 1006 1589 809 1802 1491 1289 967 1828 888 644 109 1573 1931 395 188 545 577 1189 911 1368 51 1791 1314 1950 414 1657 613 1855 1519 931 732 691 1731 1559 1898 375 276 1355 776 1073 710 1457 1991 1238 456 752 1975 676 1778 958 854 76 500 1614 300 794 180 1471 597 1680 1137 320 160 1260 479
261 1201 1342 21 1841 1501 1544 428 603 1267 1445 628 1524 584 405 1382 1865 984 349 1431 1662 1083 702 106 963 922 1144 250 1727 390 308 883 1406 206 512 1749 1570 852 1946 171 1710 1804 570 1768 1293 1235 1014 1188 1832 811 324 147 47 488 134 1634 916 12 371 1108 1895 193 1316 293 549 733 1796 1177 668 235 1331 871 777 477 1992 1698 751 786 97 74 1916 1977 1590 538 697 658 960 1076 1615 1658 1500 1937 1037 1258 460 838 1475 1060 1380 1140
1981 421 561 1305 1545 1222 921 184 961 1428 1642 1924 604 1962 361 408 1242 1847 66 1205 205 986 830 1167 1027 284 685 1107 352 847 1628 1271 391 130 230 634 1089 527 770 514 253 1729 1906 1129 1391 174 1012 314 1712 1836 893 1449 449 1576 1052 648 93 1517 1773 1893 915 956 1069 1953 330 667 1298 548 14 749 1759 275 1797 1374 1415 1697 1357 1197 496 38 1497 714 1820 1591 874 790 1338 1159 1678 118 596 820 1880 59 1473 1537 159 1618 478 740
141 741 1541 841 423 1263 63 943 602 1343 1502 625 303 344 1484 781 1585 1204 806 506 1062 726 247 1846 1463 985 1361 766 703 1086 1567 1145 564 1434 89 585 228 522 686 1285 1605 1927 1186 1671 393 445 968 926 542 1909 289 1969 1755 895 1947 1868 270 835 214 1655 35 918 474 1793 194 1813 1412 1839 15 1130 1735 1899 1456 378 1696 657 1253 336 1240 1035 498 1117 115 416 678 1999 179 1180 878 1395 1339 1058 58 1640 1780 1538 140 1020 1320 1720
341 823 982 1121 422 1542 301 1582 1482 281 1461 4 23 1762 1745 1703 1045 1505 562 684 1682 88 1404 1848 1084 486 962 767 223 1106 1185 1146 1307 705 69 1172 1274 1388 1928 886 1229 1008 209 1572 1213 394 1292 1324 1347 1830 257 146 1245 646 1807 910 1367 1790 952 1972 451 1450 272 1635 730 1955 1673 192 1034 333 813 1872 1733 1897 750 476 1913 377 637 54 553 936 1995 1611 1440 178 679 877 139 620 520 120 858 418 599 1660 540 1080 800 1540
802 1422 1304 424 1862 1321 1221 723 3 163 1162 629 505 1241 1945 1643 1825 204 764 350 68 266 129 1726 389 990 831 1709 1530 309 884 1889 1606 466 1852 1212 1092 1753 1011 571 1408 1553 949 1932 1769 45 1514 1685 148 1492 1297 1277 914 972 1369 1811 1578 1465 1055 491 617 1674 1352 550 335 1192 1974 112 299 379 1458 37 675 1157 937 238 415 1917 1118 1998 595 876 260 1075 855 1639 457 716 1398 1597 100 199 1039 539 1138 1800 799 760 698 660
1301 161 1881 1381 1902 1443 1581 384 825 244 464 85 1925 541 1063 1723 123 485 1126 906 185 1683 988 1666 1026 1645 27 768 1171 1569 509 1149 808 851 1532 310 1346 1228 412 529 286 1009 1275 1291 1552 572 747 1754 1968 231 448 1837 10 1788 1515 212 1853 1439 1215 1952 1493 974 355 1370 868 654 274 898 735 374 592 1332 636 1875 1816 1776 1195 935 695 1256 1996 1114 619 1638 959 338 680 117 1057 1420 1616 798 438 158 79 1474 1100 720 1719 60
1761 501 1941 1262 1001 1983 1 1843 429 804 1822 1721 282 843 105 246 1430 202 1123 784 1403 1047 1486 307 905 606 1166 128 1905 1626 1646 565 1065 832 1226 1531 526 1287 771 1091 173 887 1390 1751 948 470 543 993 1309 1574 1933 1806 1970 232 46 1555 1329 91 1156 150 1688 327 490 1216 372 1672 731 1714 359 655 975 1896 1455 1873 1193 712 278 674 1111 872 696 1612 1520 39 759 638 1257 1360 459 1599 1799 939 600 80 1476 1378 200 1040 420 400
1621 521 83 583 721 861 1546 627 1043 385 1584 1641 1525 1681 348 1963 1344 124 248 1165 264 1004 1028 923 845 1510 29 1366 1068 1436 1150 885 1210 1670 966 468 772 1907 517 287 313 211 1295 995 1771 578 690 49 1757 953 1190 452 151 1315 328 1854 612 1278 1579 373 1609 1794 195 177 656 1957 1237 709 671 1874 816 1414 1900 1817 554 920 1460 1255 114 1134 1739 1997 1394 499 756 837 77 18 1499 1099 797 437 1472 1119 419 1718 1340 240 1840 1940
181 1421 1982 1102 1442 601 1861 623 241 724 142 482 403 64 84 782 7 763 1485 1225 1021 1904 1362 222 42 283 1568 1625 844 1529 1588 508 1850 1668 1272 1766 1286 131 1173 1187 810 1389 1750 1154 925 569 1214 1829 890 1013 1325 353 473 748 1608 666 316 1516 912 1653 1892 271 1558 370 957 1792 1054 1812 546 176 1715 1694 1251 1354 1958 36 1095 113 1000 1737 1418 398 337 537 836 435 979 217 659 879 1980 1136 458 598 718 1319 1939 1079 1480 699
1181 821 321 101 1521 81 61 902 1543 381 1042 624 1702 481 402 1003 1923 346 1944 1429 1507 41 166 1763 1747 126 1283 945 1085 1143 987 563 1586 1826 1867 1031 1630 1986 1273 587 30 1209 269 515 444 1785 1231 1607 471 728 290 258 892 1326 1310 1891 610 1409 317 1577 1248 369 1690 928 433 190 653 1371 812 1454 1732 1814 1973 669 692 551 1860 711 534 778 1179 1133 155 788 1358 1498 1676 1918 875 757 239 1470 980 19 857 219 1399 1659 1078 1120
822 182 761 882 1883 427 1821 1061 383 842 1141 1446 1506 305 1224 6 783 67 1487 410 1127 1782 1025 224 1624 964 1169 946 351 743 1270 90 727 31 633 1437 1669 589 1007 172 643 43 1752 255 1930 1730 110 575 1575 1296 609 1556 149 1247 1687 913 1654 532 997 1349 1534 331 1056 453 1856 1218 1716 475 298 1194 1959 672 1990 137 493 1416 694 1878 1819 818 1116 279 1337 1098 1978 1594 519 380 1397 1779 1318 717 560 880 220 1920 1379 940 1619 1479
661 1081 683 102 903 1424 1264 1884 1444 1943 944 242 725 1203 1845 386 1550 630 1384 827 407 65 1926 1509 1125 1164 1724 701 263 1748 167 1566 285 1030 28 226 1627 769 1602 586 187 866 1490 1288 132 1784 1803 312 889 1234 472 531 853 1770 1834 1650 1327 647 1246 92 1312 50 1971 11 996 1348 368 1987 929 615 358 1372 1871 815 152 1912 1072 1413 1695 455 1110 495 787 1198 555 579 978 1717 758 1677 518 218 1160 1019 1059 1598 439 1539 1477 340
1441 621 682 401 1423 1522 582 342 1882 1942 1863 803 462 1743 1547 1223 1722 1504 1104 164 1163 306 1122 24 1564 1345 1705 487 363 1024 1665 1765 742 1849 924 566 1066 1206 1629 907 523 1604 1051 107 1153 207 516 1290 1908 1786 1308 446 774 1016 1835 233 896 1809 1652 1686 650 432 1330 954 1934 973 1191 396 1466 332 869 294 196 999 736 1094 670 70 277 154 96 1993 1417 618 1254 1496 1976 17 138 1592 259 57 793 556 1375 859 1280 719 840 1400
681 461 1341 581 901 1041 1481 1741 641 722 1864 1844 322 504 1526 1781 1508 1402 1886 829 221 25 265 1706 1306 1433 1087 1029 1365 251 1667 846 169 607 744 9 1387 524 1801 568 1151 1211 1571 706 311 108 1929 44 145 1554 950 1833 1236 894 1651 431 970 367 1774 1691 354 1954 94 1176 998 1636 933 136 1610 197 297 870 454 215 1736 1914 673 817 1459 1334 1112 1994 497 780 1200 417 1018 791 399 1979 78 557 1279 1077 1300 1259 1600 1139 1478 640
1562 1901 1183 1265 1483 663 1462 1549 1503 863 165 1984 125 87 387 507 785 1966 1048 1168 225 1783 991 1147 1647 1032 807 850 642 1435 1208 1767 635 442 467 254 208 1711 1010 413 1533 573 1294 608 1831 891 729 1890 315 1808 1632 489 1313 971 33 955 1410 1869 189 1070 1109 1758 292 1452 1693 919 1250 334 1858 1353 111 376 693 1333 594 1131 1239 1738 1096 535 779 938 75 1675 715 754 56 360 1593 436 1935 1396 20 157 559 280 1377 1617 839 1960
1701 1563 1303 824 122 103 1002 1742 1922 1885 463 243 1824 430 304 1046 1528 1184 1964 144 86 1447 1282 631 1644 765 26 1623 1764 704 411 168 1728 947 1269 8 848 992 1033 1603 588 513 392 745 443 665 1438 1232 969 366 574 1512 1392 908 1787 1328 1155 649 326 897 291 1689 611 273 1175 1411 357 191 1071 547 1956 1351 1373 1494 934 1859 1815 1219 737 71 53 1252 237 1876 494 1132 1915 873 1113 1097 536 1467 216 819 795 2000 1679 1596 1560 700
981 881 1302 942 62 1523 1842 382 1161 2 805 503 404 904 347 1961 1704 262 1551 1432 1105 1405 1664 1064 127 186 364 1244 1887 1488 1088 1148 1827 1631 632 865 441 664 688 746 773 834 1276 1233 256 530 288 544 1805 1648 576 1393 1756 1789 48 213 1948 651 1910 1518 175 329 1053 1870 1350 319 616 234 932 1453 1217 976 1775 1734 708 153 593 492 1989 95 1580 1699 1199 789 1335 1017 1468 1613 116 1135 856 1595 1376 1299 40 1038 1938 739 440 480

