15 15 225
15 4 83 7 1 8 96 14 54 5 30 2 80 13 81 11 9 9 49 15 32 1 19 10 92 6 65 3 88 12 64
15 3 4 13 68 2 79 14 21 4 84 5 92 9 66 15 51 1 83 11 96 8 68 6 38 10 38 12 99 7 76
15 9 46 15 57 4 66 1 75 11 88 6 58 10 56 14 35 3 59 12 82 7 24 5 96 8 24 2 55 13 80
15 6 34 14 69 12 53 5 98 15 8 3 81 10 81 9 38 11 39 4 3 7 59 8 81 2 30 1 76 13 71
15 14 85 6 80 3 36 15 57 2 96 9 34 5 14 4 3 12 90 7 99 8 9 13 42 10 95 1 27 11 27
15 15 28 12 11 3 66 6 2 9 35 11 69 1 61 5 84 10 73 8 56 14 98 4 81 2 72 7 92 13 23
15 9 21 13 5 6 95 11 5 8 22 12 16 3 77 14 85 1 76 15 46 7 36 10 89 2 99 5 44 4 37
15 10 49 8 80 13 61 4 87 7 41 3 6 11 83 14 79 2 44 9 83 15 9 5 84 1 99 6 38 12 68
15 1 77 5 51 6 68 2 69 12 6 8 26 7 99 3 6 15 34 14 27 9 51 10 82 4 5 11 90 13 1
15 9 85 12 64 8 55 2 76 15 89 14 68 13 34 5 14 7 52 10 33 11 91 1 4 6 18 3 95 4 76
15 13 40 5 8 6 36 14 5 7 1 1 51 2 33 8 80 10 90 9 75 12 47 11 65 15 42 3 16 4 11
15 4 38 15 83 5 48 14 74 6 15 10 10 9 89 1 41 8 97 13 97 7 16 2 47 11 21 12 95 3 20
15 11 89 9 22 5 11 2 15 3 37 1 65 8 28 15 39 13 88 14 14 10 28 7 6 4 24 12 4 6 23
15 7 14 3 66 1 4 15 58 2 7 5 6 13 5 4 48 11 54 8 59 9 2 10 1 6 4 14 82 12 75
15 11 24 3 66 10 4 14 20 6 79 1 50 7 23 8 15 2 14 15 91 12 86 5 96 13 63 4 16 9 3

insa:
1350
198 156 34 121 82 216 99 173 24 11 186 59 118 147 74
18 157 200 139 65 6 219 114 124 184 177 58 103 88 44
16 197 78 212 63 97 51 111 39 185 128 14 149 164 180
166 1 33 20 203 109 68 55 87 224 133 105 193 150 165
152 168 201 49 21 5 83 67 122 183 143 222 117 42 104
46 153 93 79 62 215 170 36 208 123 27 13 119 148 195
196 155 2 110 217 101 56 176 127 144 41 70 89 192 30
107 3 95 138 158 205 218 174 85 57 126 26 187 71 43
31 91 136 80 172 22 206 66 53 160 9 182 115 131 225
106 213 171 159 52 207 37 84 102 12 28 145 132 191 73
211 94 81 35 204 112 54 8 181 25 178 146 162 134 75
77 137 48 96 69 161 221 125 40 179 29 15 120 194 210
151 92 17 108 202 7 175 142 223 189 72 60 90 45 135
61 154 47 19 214 169 4 98 141 113 38 209 86 130 190
76 32 167 199 64 50 140 23 100 220 10 116 129 188 163

