30 20 600
20 12 66 20 38 17 15 8 7 13 93 2 57 11 92 9 56 7 93 19 60 3 40 14 74 18 59 15 72 1 21 4 24 16 24 5 57 6 74 10 69
20 5 88 20 70 9 42 18 14 1 66 6 8 2 32 7 77 12 11 13 30 11 48 14 97 3 89 4 82 16 81 19 89 17 76 8 87 15 44 10 26
20 20 53 11 82 15 37 12 85 4 31 3 81 14 24 2 67 1 3 13 12 10 8 19 72 5 87 6 69 17 19 18 35 8 97 7 46 9 73 16 12
20 3 31 16 50 7 74 20 12 18 52 15 89 13 67 14 52 2 21 12 11 6 31 5 69 10 35 17 99 19 24 11 93 9 87 8 15 1 20 4 66
20 18 14 9 90 11 14 17 68 20 6 5 79 3 14 7 15 1 17 4 68 10 19 13 46 12 72 8 33 2 20 16 12 15 56 14 97 19 26 6 36
20 6 71 7 95 14 2 11 81 20 93 17 21 10 98 9 64 16 30 13 40 5 67 8 65 15 16 12 33 18 51 4 49 19 68 3 89 1 92 2 35
20 3 28 20 33 5 81 9 94 10 11 7 61 8 36 6 33 12 92 2 83 14 14 15 97 18 36 19 61 11 72 4 65 13 26 17 14 1 4 16 80
20 17 70 8 96 2 35 7 11 6 99 13 83 5 39 11 43 15 87 16 19 9 14 19 46 1 91 4 17 10 32 12 32 18 38 14 46 20 96 3 22
20 13 69 1 36 3 8 5 21 2 2 7 32 15 75 17 81 20 47 4 64 18 80 6 75 12 49 9 41 10 82 11 25 14 89 16 33 8 29 19 47
20 7 9 18 36 14 22 20 59 17 32 19 33 12 72 11 27 4 45 3 19 15 49 9 35 6 57 8 87 16 59 10 49 13 83 5 52 1 66 2 61
20 13 24 19 53 12 61 8 31 18 14 11 19 7 26 10 91 4 53 20 41 15 77 2 66 5 81 16 32 1 29 3 83 14 13 6 31 9 6 17 21
20 1 45 19 89 12 29 4 7 16 47 11 47 6 25 5 45 8 60 14 28 9 83 20 68 18 12 3 37 15 69 2 46 7 47 17 91 10 20 13 45
20 4 23 5 55 8 60 7 52 6 17 16 75 9 54 14 76 18 35 13 61 10 51 11 84 19 38 3 94 15 30 1 14 12 78 2 29 20 99 17 88
20 6 14 13 22 15 99 7 59 4 89 11 44 14 98 8 56 9 22 18 33 16 41 19 46 5 65 1 85 2 38 17 3 10 19 12 39 3 5 20 72
20 8 12 5 27 11 8 14 13 12 26 17 35 19 33 13 49 9 29 16 39 20 37 2 1 1 74 18 22 3 38 4 31 10 6 15 98 7 86 6 69
20 1 72 18 74 5 6 16 58 12 27 4 21 15 19 14 97 11 8 8 70 9 49 2 25 10 39 17 95 6 71 19 81 13 88 7 11 20 93 3 71
20 20 11 2 82 12 82 18 80 6 74 19 60 8 43 11 75 13 4 3 64 1 52 4 73 5 77 14 80 7 89 9 66 17 28 10 62 16 82 15 42
20 4 11 13 16 2 12 16 72 8 35 7 83 9 73 10 41 14 23 17 63 20 16 11 37 5 28 18 88 6 75 19 51 15 23 3 40 1 4 12 78
20 12 53 11 30 16 85 13 8 8 67 20 35 10 58 5 29 9 54 3 16 2 58 6 73 7 15 4 82 18 76 14 88 1 71 17 57 19 63 15 13
20 1 34 14 17 10 36 6 96 16 84 15 84 18 29 7 56 12 83 8 84 13 52 3 37 11 41 17 93 2 79 20 93 5 37 9 1 19 45 4 33
20 15 19 3 79 14 43 17 43 10 64 20 2 8 14 7 58 19 47 16 23 5 93 18 19 1 57 13 77 6 32 4 61 12 27 9 25 11 52 2 53
20 17 3 10 1 18 73 9 81 7 88 5 56 20 58 19 14 8 88 3 68 15 16 16 78 13 48 6 30 11 68 14 5 4 47 1 28 12 71 2 19
20 6 39 20 72 3 37 17 33 11 53 7 95 14 8 5 13 12 23 2 40 4 15 18 6 10 25 9 1 16 22 8 30 19 10 13 7 15 59 1 14
20 5 37 1 98 11 81 3 73 2 58 9 27 19 22 6 39 14 98 8 35 20 98 15 73 7 25 16 73 18 72 17 79 13 54 12 94 10 27 4 30
20 7 49 6 63 11 97 12 87 4 86 8 81 1 15 9 92 16 73 10 76 18 53 5 75 3 93 20 70 17 35 13 13 14 85 19 95 2 39 15 57
20 19 34 10 42 1 63 12 73 15 6 5 71 2 76 6 86 20 97 13 16 18 54 11 44 7 49 4 94 14 92 3 24 16 31 8 72 9 35 17 46
20 18 4 1 72 17 30 5 47 19 83 2 23 9 88 6 72 16 76 3 4 4 10 8 89 20 75 13 75 12 24 15 63 14 76 10 77 11 36 7 88
20 5 80 18 68 14 65 3 15 16 36 8 34 11 94 2 7 10 99 17 44 12 72 7 12 9 33 19 77 13 24 1 57 4 68 15 1 6 3 20 6
20 7 90 19 3 6 70 3 5 4 72 18 60 20 32 2 91 15 42 10 54 13 18 1 63 16 54 11 83 5 92 14 57 17 96 12 11 9 98 8 47
20 11 77 12 33 18 66 4 68 7 99 8 47 6 52 13 88 15 4 2 71 10 20 19 29 16 82 1 11 14 16 20 57 3 4 5 18 17 29 9 68

insa:
2310
301 381 162 462 503 522 25 221 487 89 331 49 572 293 413 256 594 153 274 438 377 15 359 215 79 199 556 139 119 460
322 165 143 6 343 465 507 27 526 69 371 312 568 590 48 130 95 548 292 212 395 450 258 236 275 440 420 200 499 120
121 61 163 564 464 402 370 87 443 330 190 544 530 46 430 33 392 11 254 493 234 295 597 516 118 358 320 216 279 160
241 341 584 306 565 170 485 224 189 265 45 90 531 332 209 374 514 34 116 296 451 154 437 416 16 136 400 80 557 480
461 242 21 164 303 282 123 506 524 541 368 426 147 86 72 228 333 111 411 492 448 353 53 273 575 598 213 397 198 18
261 441 101 482 384 563 325 245 145 26 508 468 587 528 71 227 372 128 172 315 434 193 54 355 415 19 218 300 559 100
181 481 561 166 63 144 244 102 264 425 585 388 28 88 207 126 346 513 373 408 473 9 446 335 318 552 237 58 299 540
281 243 142 4 365 327 310 204 486 586 345 429 407 470 127 390 546 229 532 268 112 94 194 57 518 78 179 456 38 580
82 424 23 124 247 466 369 311 527 488 8 108 151 347 231 289 269 174 192 336 454 553 77 398 418 519 600 579 59 219
422 383 502 367 125 107 405 208 313 91 251 591 73 490 348 570 51 175 549 453 196 155 297 338 277 538 20 239 479 40
581 362 83 483 283 463 309 104 42 328 206 188 7 148 226 31 512 266 445 252 547 393 352 176 574 435 76 135 419 539
361 1 582 323 305 504 484 203 187 285 223 44 29 70 389 129 93 173 114 449 257 535 551 156 417 439 278 578 360 478
161 262 201 364 5 342 67 146 329 510 30 588 250 92 110 288 391 433 571 50 317 534 414 496 197 477 555 137 458 240
382 183 284 308 103 248 403 68 469 543 32 267 230 47 334 349 447 12 131 376 515 595 177 436 576 537 497 158 98 217
401 263 167 307 505 66 386 43 149 589 472 431 569 191 113 211 97 255 132 235 536 14 357 298 340 459 39 558 500 380
62 363 304 246 385 344 225 529 545 150 489 109 432 410 474 290 271 96 35 573 593 195 455 517 178 214 17 339 140 60
421 141 84 3 168 523 185 106 404 444 286 314 74 350 394 337 550 476 55 495 37 599 577 276 378 520 138 238 260 220
81 423 182 302 583 324 521 65 24 171 205 387 249 542 566 511 491 375 270 412 233 115 475 294 354 133 452 56 13 157
501 562 202 326 186 525 467 222 428 287 152 592 409 253 10 316 52 75 272 117 36 134 356 554 399 180 457 498 99 379
321 41 122 2 22 184 64 442 169 366 85 105 427 509 406 567 471 210 533 232 351 291 319 494 596 396 259 159 280 560

