20 20 400
20 11 47 3 61 10 7 4 13 8 52 5 33 19 83 13 60 7 57 15 7 16 74 1 93 6 59 18 46 9 7 14 84 20 56 12 58 17 45 2 4
20 1 97 15 15 3 18 12 73 9 37 7 94 8 20 16 69 13 13 19 26 2 48 17 71 14 96 20 5 11 42 6 15 5 64 4 36 18 6 10 74
20 9 87 8 89 2 28 13 81 5 47 19 53 15 67 3 78 16 14 11 92 12 94 17 26 1 68 18 36 10 79 6 71 14 94 20 28 7 25 4 2
20 11 99 16 65 1 9 7 52 19 10 17 55 10 20 3 67 20 69 6 16 12 10 14 54 9 47 8 4 5 66 18 33 13 9 2 53 4 30 15 29
20 11 33 19 64 17 17 5 81 6 42 10 60 9 14 4 95 13 36 15 95 18 37 2 85 1 48 12 74 3 76 20 68 16 77 14 14 8 91 7 69
20 4 86 13 16 10 34 12 83 20 79 15 89 3 22 2 74 11 58 14 71 6 22 9 36 8 53 18 80 17 53 19 1 1 57 16 68 5 26 7 26
20 3 4 8 83 7 26 20 54 6 16 10 88 12 16 17 61 11 41 9 54 2 98 19 3 5 84 1 11 14 55 4 18 16 67 15 62 13 17 18 31
20 13 16 8 99 19 46 20 40 6 54 11 27 9 71 15 95 12 9 18 46 1 57 10 86 16 7 7 16 2 70 5 15 4 71 3 41 17 83 14 14
20 9 30 13 24 8 95 5 41 6 53 11 84 4 55 10 54 1 42 3 75 14 55 12 57 2 62 20 23 15 28 17 3 18 83 16 88 19 11 7 68
20 18 78 15 63 6 21 11 64 14 91 12 75 10 53 5 35 3 77 8 29 1 68 4 92 7 89 9 49 19 47 2 33 16 4 17 58 20 18 13 33
20 3 25 18 86 10 55 15 68 2 56 8 43 16 23 4 15 5 88 7 28 6 41 1 87 19 75 12 77 11 49 13 52 17 80 9 25 20 94 14 55
20 20 40 11 29 10 27 5 70 2 76 8 19 19 67 3 9 16 10 12 8 4 83 9 49 14 70 17 62 7 70 13 38 18 68 6 46 15 77 1 9
20 1 72 17 82 2 78 13 12 18 98 14 98 9 46 20 79 5 88 4 11 8 36 10 67 19 97 16 22 11 53 7 21 3 22 12 17 6 43 15 60
20 8 60 13 77 14 32 9 51 18 31 10 65 17 18 11 3 7 31 4 12 15 35 5 54 12 44 20 10 6 43 2 77 19 40 16 98 1 69 3 33
20 6 72 11 42 2 20 5 2 3 50 7 67 15 81 8 95 12 39 19 45 10 82 14 50 16 89 4 77 1 63 20 44 18 42 17 40 13 86 9 84
20 5 62 14 6 19 46 4 40 20 75 11 89 15 11 3 13 13 89 2 71 8 69 12 86 6 60 9 92 16 56 7 88 10 80 1 18 17 75 18 66
20 9 51 16 16 17 60 20 38 6 43 7 94 13 3 3 53 11 80 15 96 1 70 4 66 10 83 14 82 2 83 5 70 12 22 18 94 19 46 8 57
20 6 6 20 28 12 71 13 9 7 27 4 88 5 90 9 72 2 43 18 16 19 36 3 44 14 41 15 37 16 80 17 84 11 86 8 91 1 24 10 3
20 8 43 2 27 11 46 19 67 15 89 17 10 6 63 14 33 5 14 20 95 3 61 7 66 1 68 13 46 12 27 16 5 4 17 18 64 9 10 10 74
20 1 83 10 35 17 39 5 97 3 99 8 77 16 98 14 88 2 51 7 31 20 88 4 24 11 34 9 44 12 29 6 37 19 23 13 15 18 50 15 56

insa:
1874
381 241 21 63 212 331 169 191 12 93 53 373 117 151 295 134 279 318 359 240
362 283 243 43 205 225 349 310 108 276 31 92 131 389 173 335 196 155 78 20
201 2 285 121 23 308 328 385 107 228 48 189 352 170 68 371 95 257 280 158
101 4 304 346 270 208 88 167 231 250 332 192 294 377 392 136 157 38 79 60
301 224 84 284 384 6 347 164 45 209 272 188 369 249 133 336 156 75 37 119
341 281 183 325 85 165 367 125 211 145 275 111 313 13 70 259 396 36 56 238
345 286 326 269 9 123 210 26 64 372 390 193 256 316 154 235 180 120 100 59
361 261 142 5 42 163 206 122 226 288 386 27 311 190 251 113 74 358 99 340
321 41 161 264 348 87 25 247 147 232 112 130 314 15 194 394 73 218 379 300
223 382 3 103 203 266 86 187 126 168 291 67 333 252 152 55 317 380 360 40
81 222 1 363 282 184 306 268 61 329 166 109 146 50 129 215 255 393 357 35
343 104 24 186 273 289 230 127 312 51 172 149 214 94 71 375 258 337 395 18
141 102 262 344 162 244 44 327 8 309 89 29 374 216 398 236 200 299 77 139
302 263 185 246 368 110 353 292 171 388 233 334 72 33 135 16 98 57 220 160
182 365 204 22 307 287 271 106 47 10 330 90 354 148 175 260 400 138 239 80
322 207 62 11 229 49 28 387 355 293 315 254 278 376 118 197 153 97 178 137
323 83 383 242 267 366 66 128 52 115 32 176 356 234 217 198 298 319 159 19
181 202 265 245 350 91 114 150 14 54 177 378 338 297 399 237 76 39 320 140
82 303 364 7 143 46 227 351 290 65 30 213 277 253 116 132 195 397 179 339
221 342 324 305 105 144 124 248 274 370 69 174 391 96 296 34 199 17 219 58

