20 15 300
15 9 56 14 25 4 17 8 63 11 9 7 30 15 75 13 22 10 42 3 83 1 69 5 90 6 88 12 20 2 30
15 12 39 5 20 7 35 4 79 9 35 10 66 13 15 6 56 14 60 1 72 8 52 11 14 15 2 3 16 2 59
15 15 5 10 31 5 55 1 70 3 49 14 70 7 92 8 40 12 13 2 14 4 49 6 30 11 50 13 77 9 81
15 1 64 13 63 11 21 2 21 12 29 15 10 9 25 6 60 10 93 14 24 3 48 7 52 4 8 5 30 8 37
15 3 4 7 32 5 10 14 77 9 45 13 37 4 89 11 60 10 59 12 42 1 48 8 30 2 22 6 23 15 15
15 2 14 5 10 14 68 8 95 13 42 9 29 4 44 1 23 15 61 6 57 11 45 12 98 10 30 7 27 3 13
15 7 50 13 55 4 23 12 25 1 51 2 55 8 9 14 87 5 21 9 48 6 55 10 22 15 47 11 50 3 86
15 6 11 8 43 15 26 12 31 5 18 4 59 11 84 1 33 2 73 7 20 14 34 13 92 9 65 10 87 3 37
15 4 9 3 20 7 11 5 21 12 11 11 96 1 94 9 91 15 92 8 97 14 28 6 55 2 89 10 34 13 61
15 4 10 12 58 15 86 11 86 3 87 5 18 2 74 14 64 7 12 10 22 6 80 9 5 13 95 8 6 1 35
15 10 47 11 68 7 60 8 20 5 14 13 6 6 20 15 6 14 46 2 79 9 32 1 82 3 7 4 74 12 54
15 8 20 6 99 12 55 15 78 9 35 1 26 14 23 13 87 3 86 10 25 11 98 2 1 5 16 4 33 7 50
15 12 35 1 34 7 66 13 47 6 48 11 52 14 33 4 77 5 38 2 65 10 58 15 71 3 14 9 85 8 13
15 3 85 10 86 5 15 7 68 4 32 8 83 14 80 6 81 13 10 11 12 2 31 12 38 9 78 15 44 1 18
15 7 60 15 58 6 16 9 24 14 57 5 8 2 41 4 39 1 28 8 56 13 37 3 34 11 39 12 69 10 52
15 11 76 15 87 9 91 8 13 7 4 6 32 2 58 14 62 12 83 3 48 4 41 10 36 13 68 1 28 5 12
15 6 1 12 67 2 98 5 41 8 84 7 34 15 86 14 75 9 93 13 83 4 66 3 93 1 47 10 58 11 64
15 5 61 15 49 3 35 7 92 1 84 12 57 8 31 14 50 10 53 2 11 6 74 4 8 9 14 11 12 13 50
15 8 19 15 89 11 67 2 10 6 75 10 49 3 75 5 66 1 37 12 77 14 94 4 60 7 38 13 52 9 61
15 12 29 14 73 8 62 9 19 7 99 1 95 6 2 5 39 11 70 2 90 4 10 3 60 10 21 13 40 15 17

insa:
1567
182 34 95 127 171 260 46 113 279 83 291 25 219 11 162 71 253 150 210 239
76 243 96 232 274 160 190 49 265 114 40 142 217 295 206 177 73 133 30 15
196 122 61 35 258 277 140 10 174 193 235 252 56 222 163 297 29 120 105 90
121 19 93 3 136 111 188 200 82 67 41 267 251 218 236 296 282 164 179 58
256 77 17 33 124 63 244 198 110 155 189 278 141 99 216 293 12 178 59 240
241 106 167 23 231 185 157 275 213 266 53 42 292 101 203 146 85 132 13 74
91 18 123 62 211 183 259 230 153 246 6 199 290 37 115 144 283 57 180 89
271 166 107 4 229 245 288 154 79 262 97 201 38 130 220 26 72 149 195 60
1 20 228 65 170 289 128 81 214 249 52 100 268 161 194 118 147 208 45 285
32 151 197 21 276 264 9 191 69 54 175 145 102 237 119 298 254 134 88 225
226 126 152 5 273 186 112 139 48 68 269 43 294 205 176 223 86 27 104 255
16 181 286 242 125 94 168 137 109 261 50 39 280 234 70 207 224 87 14 165
92 22 184 66 156 173 80 47 8 250 117 270 204 44 221 148 284 299 238 135
78 2 287 64 36 24 172 233 187 159 248 263 98 215 116 202 143 55 281 131
31 272 227 257 108 169 138 247 158 212 7 129 51 192 84 103 28 209 300 75

