30 15 450
15 5 96 13 47 10 40 12 68 6 49 15 91 11 57 1 81 3 87 2 6 8 82 7 47 4 97 9 94 14 75
15 1 42 10 55 15 82 13 61 2 67 5 79 12 39 11 43 7 62 4 41 3 78 8 36 9 8 6 21 14 91
15 1 52 6 28 4 48 9 25 8 2 15 98 13 95 14 7 10 68 5 96 11 72 3 50 12 68 7 54 2 37
15 7 81 6 59 4 46 5 61 15 43 9 71 13 24 11 71 8 30 3 87 2 86 10 10 12 10 1 93 14 94
15 9 30 14 71 11 65 1 13 7 30 3 22 8 46 13 70 12 88 15 78 2 79 6 57 4 71 10 58 5 36
15 6 68 10 32 14 32 3 15 12 98 1 95 8 57 15 66 5 43 7 31 13 34 11 60 9 73 2 56 4 40
15 10 27 11 42 8 24 9 12 2 22 5 57 7 93 14 58 15 67 13 64 1 30 4 16 3 21 12 19 6 33
15 8 43 10 51 12 53 14 62 11 58 2 38 6 84 15 65 9 87 3 26 5 95 7 61 1 77 13 49 4 49
15 11 93 4 81 3 55 15 59 13 70 14 68 9 97 7 57 12 48 1 92 2 82 10 89 8 87 6 13 5 54
15 12 60 4 33 11 66 2 96 1 23 15 36 14 28 3 53 6 78 5 78 8 94 7 72 10 47 9 28 13 87
15 6 98 3 89 10 27 9 34 4 88 5 15 11 64 13 5 2 4 12 63 14 69 8 82 15 29 7 53 1 69
15 14 97 15 87 2 50 1 68 10 76 3 74 5 89 12 15 4 5 6 2 13 79 7 59 9 93 11 19 8 86
15 2 60 15 47 13 13 10 62 6 95 12 67 4 89 11 11 14 29 5 52 1 62 3 31 9 51 7 55 8 39
15 12 76 5 92 14 85 15 20 8 61 7 14 3 62 10 52 2 5 13 63 1 29 6 85 4 79 9 52 11 51
15 7 61 14 45 1 93 6 51 12 97 10 46 4 88 13 28 3 57 9 45 11 23 5 91 15 66 2 73 8 41
15 9 49 5 58 8 32 14 30 7 59 15 57 10 14 2 33 13 14 6 59 3 41 4 59 1 50 11 67 12 53
15 8 94 12 52 3 7 13 51 11 8 2 99 6 97 15 66 4 98 9 58 7 52 1 43 10 80 5 23 14 18
15 7 97 9 57 10 72 14 97 11 12 4 70 15 33 13 72 8 14 2 2 5 99 1 30 6 18 3 95 12 2
15 13 64 11 75 8 63 5 14 2 55 12 10 1 89 7 89 4 24 9 32 15 70 6 79 3 71 14 42 10 14
15 10 1 6 82 13 27 12 22 3 44 8 97 1 76 14 16 15 27 2 24 7 98 9 25 4 82 11 75 5 15
15 8 26 4 4 14 18 9 51 7 47 12 27 3 6 15 84 5 72 10 29 11 91 2 76 6 78 1 36 13 93
15 1 35 2 39 3 89 7 53 15 85 6 7 4 90 13 16 11 70 14 49 8 73 5 13 10 12 9 89 12 9
15 2 56 4 40 7 51 6 47 3 77 9 65 1 84 8 93 11 54 15 66 13 6 12 36 10 87 14 41 5 7
15 7 56 12 1 10 57 14 45 4 3 1 14 2 74 11 29 13 65 3 43 15 13 5 42 8 67 6 45 9 78
15 3 81 4 72 1 99 5 52 10 69 2 39 13 74 6 47 11 29 9 73 14 6 15 5 7 2 8 8 12 25
15 8 17 5 64 10 97 12 94 4 99 6 68 2 36 11 21 15 22 13 61 9 43 3 93 14 82 7 91 1 86
15 10 20 13 28 8 98 6 7 3 18 11 37 5 60 15 47 9 62 7 75 2 42 1 52 4 97 12 46 14 98
15 11 9 15 15 12 85 1 55 5 7 14 6 2 3 10 27 8 11 7 31 6 90 13 81 4 5 9 86 3 30
15 14 53 15 87 6 93 5 62 7 19 2 12 1 53 13 73 12 4 4 1 11 65 3 35 10 65 8 23 9 40
15 15 13 7 22 9 34 3 5 8 68 6 81 12 53 11 66 5 96 1 50 4 40 14 70 2 92 13 13 10 43

insa:
2235
316 31 213 140 351 64 16 409 169 363 337 277 427 8 81 445 206 402 130 292 191 252 314 267 165 118 238 59 101 390
317 331 181 139 352 168 95 412 275 111 246 426 20 204 382 401 159 10 71 233 312 265 131 366 295 56 448 224 89 45
318 439 123 361 335 243 66 152 395 290 355 79 143 202 307 171 9 55 387 115 26 219 432 192 236 42 283 269 103 420
302 137 332 122 33 48 350 362 380 322 155 217 261 187 446 249 25 279 418 174 208 430 403 13 237 73 298 120 102 90
377 1 197 227 49 274 410 96 357 424 397 444 145 21 156 309 40 327 172 364 190 116 266 84 222 254 345 135 75 300
76 151 32 47 214 334 287 441 394 321 423 5 185 144 359 381 112 247 416 207 175 235 72 313 29 282 368 268 134 105
346 211 437 46 319 333 256 65 201 305 425 415 230 400 97 128 24 278 147 12 251 177 164 117 85 296 389 194 44 373
301 376 106 440 241 273 93 393 35 228 67 414 200 291 358 338 54 326 82 146 11 264 162 27 434 133 180 195 225 374
438 226 61 304 34 94 257 336 51 154 399 127 360 386 114 250 280 419 149 220 28 209 329 193 178 297 14 88 370 435
286 91 107 348 391 378 77 3 17 413 184 170 153 258 203 216 39 310 328 232 148 365 343 433 132 57 253 74 450 285
406 121 138 272 92 63 353 245 396 110 443 53 7 339 260 383 324 23 188 157 311 41 431 221 210 87 179 369 239 299
136 347 196 108 408 242 379 4 289 276 442 80 215 306 186 22 69 129 160 173 429 342 404 330 58 43 270 240 104 375
271 392 2 183 244 288 354 125 52 323 19 68 37 205 385 428 158 263 417 218 234 176 341 367 100 86 315 119 449 150
421 303 212 166 349 62 109 198 411 78 142 229 126 259 38 325 189 447 161 98 293 388 30 344 405 284 255 15 60 371
436 407 422 182 167 141 320 50 124 199 36 356 18 6 398 308 340 384 113 248 262 70 231 294 99 163 83 281 223 372

