20 15 300
15 3 76 12 17 1 58 14 26 2 90 9 77 10 63 7 87 5 74 8 35 13 60 4 90 15 64 6 68 11 28
15 6 5 9 79 10 71 4 42 2 71 14 20 12 86 1 88 15 47 8 62 5 37 13 87 11 47 7 97 3 24
15 6 2 3 67 9 28 15 98 14 66 2 42 7 46 10 23 13 94 5 25 12 89 1 3 8 38 4 76 11 76
15 9 96 11 79 5 19 1 36 4 87 12 6 14 9 7 18 2 32 6 37 3 55 10 3 13 15 15 12 8 45
15 9 71 12 73 2 17 1 41 6 71 14 88 3 43 15 59 11 37 13 22 10 21 4 77 5 66 7 46 8 52
15 12 19 4 12 14 87 10 22 15 41 2 29 1 6 8 4 5 79 6 78 11 21 13 27 7 16 3 54 9 60
15 14 96 4 39 12 82 11 15 6 22 13 29 1 64 5 92 15 68 7 60 8 37 9 10 10 47 3 68 2 74
15 6 28 9 3 7 71 8 59 3 94 4 60 11 98 5 77 2 9 15 57 12 21 10 74 14 19 1 74 13 19
15 13 7 9 38 10 63 8 69 4 13 7 56 12 53 14 58 11 2 1 93 3 90 6 6 2 66 5 76 15 60
15 6 85 15 46 12 75 5 34 11 33 9 94 10 50 3 20 14 4 13 28 8 60 2 74 1 90 4 51 7 67
15 11 88 10 11 2 35 13 87 3 14 8 85 4 12 5 21 1 23 6 37 7 12 9 88 14 98 15 33 12 76
15 10 30 8 89 6 91 7 3 1 97 15 71 2 73 4 16 9 15 12 98 3 71 13 19 11 65 14 89 5 2
15 3 61 14 86 13 71 4 76 10 88 2 32 6 31 11 50 12 25 7 84 1 79 8 34 9 59 15 75 5 78
15 4 9 1 59 10 93 14 69 9 38 3 65 7 96 2 67 11 74 13 41 8 61 15 68 5 11 6 24 12 25
15 7 86 6 77 1 21 14 50 9 72 15 68 3 91 8 72 13 65 5 52 11 45 4 5 2 71 10 68 12 25
15 7 37 9 27 1 23 8 26 5 2 2 36 12 20 11 65 14 61 15 27 13 35 3 50 10 45 4 80 6 19
15 14 5 3 57 2 70 9 95 4 46 13 36 7 88 15 42 12 49 10 23 6 63 8 77 5 47 11 88 1 7
15 14 29 8 64 6 23 12 42 5 33 7 65 11 92 15 80 3 49 10 3 1 83 4 20 9 63 13 78 2 85
15 10 67 3 47 11 48 12 57 8 84 2 63 15 48 4 70 7 85 9 93 6 1 5 63 13 87 1 29 14 90
15 14 80 5 14 12 41 13 73 8 22 1 93 6 6 2 81 9 19 15 62 10 62 3 85 4 25 11 70 7 10

insa:
1538
3 228 197 213 170 64 291 97 23 159 49 82 130 266 191 42 148 284 119 255
243 5 63 231 20 153 276 36 172 293 186 203 81 114 54 147 133 223 105 270
1 242 181 272 32 110 155 201 217 143 67 264 176 131 237 297 104 56 89 30
196 77 19 245 125 92 184 111 173 157 278 50 267 72 222 12 298 44 149 239
287 260 230 139 9 48 98 158 113 84 220 26 40 282 253 180 73 208 134 195
106 16 136 258 31 168 212 95 292 65 187 160 251 55 281 85 132 14 209 240
211 108 226 261 169 126 247 8 37 202 161 279 53 190 100 88 29 74 300 150
257 167 109 229 124 275 290 156 10 218 83 146 25 252 206 101 43 192 75 60
61 107 122 17 227 244 33 6 46 215 200 141 174 294 162 280 102 268 193 90
166 271 123 18 198 152 7 38 185 79 142 250 265 71 296 103 117 238 57 224
273 151 233 262 94 140 47 112 188 129 204 69 178 221 86 28 254 299 15 45
76 2 288 259 62 274 232 138 93 22 127 175 249 51 189 41 116 165 210 225
121 246 289 183 154 96 39 145 11 219 205 177 70 236 27 87 283 269 58 120
256 241 286 4 182 91 214 35 199 21 78 66 144 128 234 52 163 179 118 285
137 34 171 248 277 216 263 80 295 24 68 235 99 164 115 207 13 194 59 135

