20 15 300
15 9 78 2 22 11 89 8 46 10 42 6 59 7 13 4 90 3 41 14 69 5 71 1 13 15 48 12 97 13 62
15 2 87 10 56 5 44 6 1 1 74 12 3 7 89 8 77 13 29 3 17 15 12 9 60 14 92 11 35 4 24
15 7 57 3 6 9 73 10 36 4 57 6 25 5 94 13 21 12 46 8 89 11 47 14 2 1 57 15 67 2 55
15 5 74 10 40 2 1 3 37 14 52 4 84 7 50 1 39 13 65 6 80 11 44 8 70 9 25 12 27 15 12
15 7 15 8 72 10 25 14 69 12 8 2 96 6 14 1 13 13 31 4 74 15 13 3 91 5 39 9 57 11 46
15 3 95 13 2 7 68 14 22 9 40 5 33 2 36 15 32 6 50 10 32 11 10 1 63 4 85 8 16 12 1
15 14 15 3 98 13 21 6 10 12 35 7 76 9 29 5 64 11 34 8 25 2 88 1 30 4 52 10 43 15 45
15 10 14 9 21 15 86 8 2 4 19 11 78 2 92 13 85 5 54 14 61 12 6 7 13 6 85 1 87 3 43
15 15 8 4 58 7 67 9 16 13 99 10 33 5 14 6 47 2 21 8 77 1 64 11 29 3 73 12 10 14 47
15 12 55 5 84 15 55 9 26 14 83 11 6 10 99 1 51 6 28 7 63 3 93 13 52 4 86 2 68 8 46
15 7 43 3 19 9 32 1 36 4 18 6 60 8 97 11 13 15 48 10 36 12 79 14 14 5 69 2 15 13 23
15 10 12 2 68 15 36 1 72 14 90 3 68 8 28 9 13 6 18 12 68 5 49 11 52 7 50 4 63 13 10
15 9 76 12 75 13 73 4 40 8 58 14 23 7 6 2 31 15 5 6 16 10 73 3 41 5 47 1 67 11 37
15 9 93 13 58 8 58 12 93 4 21 15 90 7 13 11 82 6 6 2 62 3 52 10 44 1 4 5 29 14 20
15 11 98 14 66 13 63 9 63 4 71 12 9 6 10 15 94 1 93 5 77 3 47 7 40 2 24 10 96 8 56
15 9 33 7 18 11 95 15 80 2 87 12 3 4 72 6 18 13 30 10 32 3 93 5 10 1 86 8 58 14 45
15 14 69 3 83 9 62 15 77 8 41 1 13 10 8 7 87 4 3 12 65 11 40 6 11 13 32 2 71 5 86
15 1 21 14 77 13 76 7 77 8 61 3 82 12 76 15 42 9 6 4 88 5 51 11 50 2 29 6 63 10 18
15 10 87 7 16 3 98 13 27 1 58 9 59 12 69 5 95 6 85 2 80 8 97 4 88 15 11 11 8 14 42
15 3 25 9 16 7 20 13 67 15 85 11 74 14 48 6 44 1 95 8 28 12 66 10 34 4 25 5 94 2 19

insa:
1617
256 154 275 20 169 143 294 219 68 246 53 131 12 119 102 238 87 208 43 194
16 2 48 167 112 129 230 66 188 280 82 101 205 254 223 149 268 164 45 300
286 32 152 273 242 49 92 76 261 171 9 25 146 236 192 72 221 206 133 120
122 110 155 35 215 51 8 184 232 200 70 249 265 148 103 298 282 88 179 30
137 18 46 37 127 278 114 98 81 11 220 237 193 266 73 176 163 209 299 255
19 156 36 6 94 217 128 293 144 279 233 67 190 118 174 84 204 55 252 269
31 288 151 123 272 61 227 259 22 7 96 78 145 187 52 117 248 202 222 178
109 62 4 157 198 260 23 130 185 245 295 100 172 40 281 57 239 150 225 89
226 287 107 1 33 124 153 139 196 181 214 276 243 97 80 264 173 27 74 58
106 271 17 166 63 34 47 5 142 126 160 235 247 191 297 85 104 207 224 270
211 3 111 228 141 158 291 99 203 251 86 41 56 132 267 177 284 29 75 195
136 65 21 182 277 216 95 39 199 231 262 116 161 296 250 175 14 134 59 90
289 213 274 258 197 125 93 38 113 77 183 24 234 69 147 54 253 15 165 180
241 212 257 91 64 140 50 292 170 115 79 186 10 162 28 42 285 210 135 240
121 108 138 290 168 159 229 244 218 263 189 201 71 83 26 13 105 283 44 60

