50 20 1000
20 19 54 13 96 18 96 5 62 6 71 12 42 11 62 9 93 10 98 14 10 16 54 2 13 17 37 8 61 15 92 20 90 1 59 7 64 4 96 3 64
20 14 84 8 93 3 22 7 7 6 83 9 56 13 94 1 52 10 6 16 85 2 38 20 82 19 3 11 94 5 32 12 17 15 66 17 79 18 9 4 34
20 11 67 8 69 2 5 16 14 19 53 3 12 15 17 10 93 12 28 6 57 20 9 4 78 9 19 14 62 7 50 17 85 18 3 5 57 13 95 1 75
20 11 99 13 16 19 84 3 51 10 84 14 18 9 21 6 54 5 8 20 38 4 80 7 4 1 81 15 26 17 48 16 51 2 93 8 76 12 32 18 50
20 3 9 8 5 15 2 20 71 2 60 6 98 1 3 16 26 7 60 5 57 17 55 18 47 9 45 4 47 12 79 14 58 19 99 11 90 13 21 10 78
20 7 90 20 92 18 96 11 44 4 88 16 79 3 78 14 3 12 17 2 11 19 34 1 15 9 46 17 47 10 90 6 58 13 95 8 33 15 57 5 91
20 1 25 3 99 5 17 11 64 4 83 8 62 14 46 16 21 13 98 19 50 18 56 15 57 12 4 9 66 20 55 17 3 2 14 7 10 10 24 6 93
20 17 94 1 18 11 70 7 92 5 34 8 29 10 65 14 19 20 85 6 55 3 44 18 87 13 59 19 34 12 86 4 72 9 28 15 62 2 22 16 35
20 20 88 9 10 5 40 10 96 19 46 8 48 11 74 7 82 12 91 2 45 3 85 16 53 17 76 6 33 1 67 4 63 18 44 13 82 15 51 14 47
20 2 45 18 16 4 63 6 16 12 86 5 74 10 58 19 39 20 50 17 28 15 50 7 68 9 39 1 6 11 35 16 6 13 13 8 26 3 15 14 56
20 20 24 4 83 19 53 8 60 14 67 17 78 11 19 12 51 1 14 2 48 13 57 16 52 9 92 7 49 10 74 5 82 3 32 15 63 18 91 6 68
20 13 7 5 77 9 97 2 98 12 20 17 56 6 66 14 57 1 54 10 58 20 20 11 30 16 77 18 68 3 63 19 6 7 63 15 67 8 23 4 26
20 19 76 7 81 4 33 5 35 15 85 1 29 12 10 6 52 11 11 2 21 13 1 10 96 14 45 16 31 18 43 3 11 20 47 9 41 17 69 8 53
20 11 3 8 52 2 3 20 85 10 34 1 26 7 75 4 92 17 83 13 8 15 79 5 69 6 58 16 67 18 1 19 79 14 64 9 49 3 57 12 4
20 3 30 16 19 2 31 20 44 10 2 11 17 17 82 8 14 4 82 13 95 9 25 19 67 12 75 1 41 15 92 5 3 14 6 18 22 7 34 6 20
20 2 16 10 62 5 49 17 9 3 45 12 41 8 23 4 43 1 35 6 42 16 88 9 19 15 3 11 8 7 96 18 27 14 30 19 37 13 19 20 28
20 11 19 3 64 2 75 18 20 9 99 1 85 10 56 17 98 15 35 5 70 13 44 8 16 7 25 12 6 16 10 6 23 19 8 14 98 20 25 4 99
20 9 1 12 24 20 43 13 5 16 31 10 54 11 1 15 47 3 67 19 62 18 24 17 36 8 94 7 16 14 8 5 56 2 16 4 18 1 49 6 69
20 11 97 20 89 19 71 6 87 15 78 1 85 2 18 12 19 14 20 16 96 10 50 17 66 5 53 13 70 7 48 8 20 4 41 9 93 18 91 3 51
20 7 90 11 29 6 25 10 68 12 18 8 47 14 82 2 35 18 28 5 9 16 45 13 60 15 64 19 32 3 16 17 26 20 47 1 33 9 89 4 39
20 11 79 16 62 13 25 8 47 3 4 12 14 9 41 6 8 15 91 2 70 10 27 19 90 17 73 20 59 4 21 5 67 7 77 14 55 1 54 18 41
20 20 39 14 64 10 55 3 81 7 6 8 73 16 17 11 44 12 27 9 57 18 15 5 33 2 16 19 38 4 1 15 61 1 11 6 56 13 65 17 47
20 13 48 9 56 19 7 3 34 2 59 12 65 7 1 20 65 8 8 17 19 4 31 15 57 5 67 10 57 18 94 14 32 6 49 16 31 11 72 1 68
20 19 65 6 11 11 82 15 50 3 39 5 56 10 58 18 59 9 5 20 33 13 81 7 93 2 46 12 23 4 80 17 24 1 13 14 10 8 36 16 43
20 12 60 20 32 16 37 18 13 4 56 17 6 1 74 8 83 11 50 2 60 7 12 14 90 19 59 3 32 15 72 6 76 9 87 13 25 10 23 5 64
20 5 24 2 78 13 44 8 5 11 87 12 60 10 53 20 18 7 91 3 67 19 59 18 81 15 8 1 16 6 94 17 94 9 47 14 26 4 73 16 69
20 19 8 3 74 9 93 4 9 12 82 1 87 15 40 13 6 5 70 10 83 18 86 6 90 7 77 11 13 20 65 14 21 8 83 16 58 17 95 2 48
20 17 7 18 93 14 75 2 82 6 34 8 28 15 8 11 32 1 63 20 5 7 27 3 90 9 32 10 15 13 52 16 63 19 11 4 96 12 25 5 22
20 5 73 2 73 11 33 7 73 9 19 10 48 3 7 13 74 8 77 18 48 12 5 1 47 15 38 14 73 20 83 17 24 4 80 6 80 16 41 19 26
20 10 50 18 34 8 95 9 44 3 31 12 80 15 59 14 53 4 24 16 18 11 37 20 72 19 72 2 73 7 6 5 86 17 17 13 13 1 89 6 24
20 3 95 13 99 12 35 9 55 19 67 18 54 8 15 7 25 6 2 2 60 10 35 14 14 20 14 15 37 17 82 11 37 4 47 1 28 5 37 16 21
20 17 24 5 23 2 68 18 13 8 98 12 67 19 58 1 81 15 62 10 11 9 99 7 75 11 41 14 23 16 13 13 35 6 73 20 35 3 71 4 28
20 18 87 8 39 15 66 10 67 5 91 14 71 3 48 11 17 9 12 16 95 12 86 7 71 4 19 6 49 1 63 13 66 17 69 19 73 20 87 2 8
20 7 69 2 3 13 11 19 76 8 57 20 55 6 36 11 95 12 63 17 78 1 72 10 28 15 53 16 10 14 86 4 13 3 53 9 14 5 4 18 52
20 6 67 19 59 20 84 18 50 15 91 5 93 1 53 9 56 11 30 3 98 13 53 17 74 10 60 7 46 8 57 2 23 14 27 12 49 16 54 4 47
20 16 99 15 82 10 3 9 61 17 92 3 67 19 66 18 81 20 62 13 41 8 77 4 9 2 56 12 80 5 90 1 68 11 81 7 58 14 86 6 59
20 17 76 16 77 20 23 15 29 19 25 4 44 3 15 11 17 6 96 9 64 8 71 14 22 7 87 18 73 1 72 5 8 13 67 2 92 12 61 10 97
20 2 92 3 47 13 95 12 55 16 78 20 58 1 36 11 1 18 23 17 71 19 47 10 76 7 34 6 95 8 25 5 4 4 91 9 22 15 51 14 53
20 10 57 20 61 3 39 7 22 12 60 4 90 16 54 17 2 5 83 14 73 8 36 13 68 9 99 15 68 1 61 19 76 2 88 11 15 18 96 6 80
20 13 6 17 59 4 99 6 30 1 73 10 56 3 39 2 9 12 80 9 87 11 74 19 6 5 55 7 39 15 39 8 42 16 78 14 37 20 66 18 37
20 12 11 20 83 4 83 18 87 8 34 19 45 15 78 6 13 17 59 5 93 9 16 7 85 13 76 10 54 14 91 16 93 3 13 2 56 1 10 11 99
20 7 26 2 45 9 80 12 44 20 9 3 28 6 70 15 95 4 40 13 20 8 63 1 44 10 63 5 73 18 59 19 82 17 41 14 87 16 89 11 29
20 8 64 13 89 18 62 20 30 7 13 12 64 16 42 11 39 10 89 4 89 6 57 19 62 9 99 14 55 3 40 2 94 1 25 17 34 15 4 5 65
20 17 58 12 99 15 16 9 46 5 72 6 40 4 48 16 15 3 14 1 15 18 39 10 17 19 52 7 43 20 9 2 73 8 6 14 65 11 58 13 13
20 17 19 4 72 10 80 18 48 15 79 1 71 7 29 6 14 9 19 5 27 20 92 13 97 3 99 2 74 14 69 8 20 11 40 19 41 16 95 12 39
20 12 63 4 25 9 74 10 40 3 14 15 98 18 26 1 55 19 9 16 92 11 67 8 99 20 48 7 20 5 87 13 55 17 65 2 66 14 10 6 4
20 8 2 10 89 3 99 12 89 13 73 2 12 7 78 4 57 17 38 14 17 15 64 11 80 18 47 16 76 1 99 9 72 20 31 5 52 19 49 6 76
20 14 45 18 22 2 11 4 99 3 65 16 96 13 95 6 47 11 8 12 57 7 60 15 38 19 71 1 70 9 98 5 57 17 4 20 31 10 73 8 56
20 6 28 11 26 17 47 16 77 10 89 12 82 13 94 18 41 8 89 2 74 9 95 5 44 1 60 15 88 4 61 3 99 7 36 14 49 20 41 19 1
20 2 16 8 71 10 49 14 25 3 62 13 98 7 63 1 79 19 29 20 82 11 84 5 76 18 85 12 18 6 78 4 18 9 87 16 65 15 10 17 78

insa:
3467
142 121 487 87 526 908 628 549 209 266 785 988 687 747 326 572 886 366 28 246 514 870 229 671 775 112 73 832 973 309 954 735 175 716 655 359 17 935 437 294 477 194 857 618 398 460 819 599 419 60
981 741 562 301 822 181 623 943 85 283 502 323 544 43 662 263 926 210 445 224 388 490 970 367 788 170 713 110 250 12 410 31 876 77 433 777 357 473 610 894 696 594 738 856 137 818 918 159 660 540
522 81 281 322 742 763 23 601 567 985 923 905 826 64 945 122 706 444 727 349 424 552 46 647 510 465 690 405 787 869 585 107 171 151 305 494 256 893 677 235 217 817 855 395 976 639 199 380 279 20
902 882 524 202 485 944 243 766 803 183 783 726 289 71 125 928 451 829 105 867 268 712 850 52 589 577 996 308 558 653 757 94 676 176 377 435 358 415 340 975 156 475 617 519 19 640 700 40 240 400
561 622 501 163 222 4 244 303 145 529 123 769 69 645 686 865 390 466 810 890 453 992 972 90 330 186 373 834 793 756 715 736 432 356 679 272 216 956 560 416 915 35 938 296 58 596 619 120 860 500
961 681 462 86 25 364 545 5 184 68 784 383 827 948 667 808 729 227 888 866 50 532 248 150 408 515 851 995 754 174 310 336 654 496 578 457 609 116 273 360 637 438 780 220 940 140 720 920 300 600
821 661 101 564 764 24 242 381 144 987 551 509 168 447 845 927 72 425 267 887 491 951 89 812 733 874 533 632 753 214 652 333 55 354 794 472 375 608 718 914 694 237 18 192 315 595 417 977 138 299
921 841 982 642 22 82 625 204 262 504 42 146 288 166 546 583 805 665 488 771 569 386 404 449 969 711 731 831 126 14 307 426 332 353 755 912 537 607 376 877 796 695 896 118 479 78 198 260 239 960
341 523 903 704 565 162 442 823 223 26 67 325 584 8 553 688 649 864 631 773 889 730 811 971 407 604 291 213 53 469 790 113 997 853 93 430 758 258 678 955 312 517 936 157 193 134 378 497 278 399
581 761 922 703 983 346 566 302 965 904 285 164 423 65 644 265 883 630 507 384 147 530 554 786 48 327 467 849 29 9 872 371 752 252 672 833 411 230 454 814 215 115 187 693 611 959 740 139 499 100
321 361 962 563 61 261 41 143 347 382 286 505 401 548 207 124 167 7 728 463 668 748 648 949 689 489 104 848 991 932 249 911 534 591 791 428 232 633 717 34 778 314 459 897 616 840 195 98 879 820
342 481 901 801 525 765 824 966 626 924 744 506 208 6 185 862 385 225 446 950 571 846 669 49 169 368 406 789 247 603 586 109 714 994 306 651 334 429 95 293 155 474 559 133 698 739 36 79 900 280
781 221 441 2 344 842 62 743 568 503 528 663 986 925 947 403 211 967 710 772 555 27 691 830 392 602 290 813 251 892 129 331 270 471 153 374 636 656 737 117 916 178 59 197 598 439 498 99 319 880
21 941 984 543 422 205 66 770 646 387 148 574 930 492 369 228 732 10 108 127 588 54 253 675 536 355 634 815 456 338 854 96 838 612 518 697 895 878 277 297 478 798 317 719 418 919 978 760 200 180
702 83 643 724 906 527 348 547 685 629 365 807 885 863 464 47 828 573 452 245 513 931 952 329 774 587 409 74 673 495 271 15 132 795 759 393 974 313 436 614 191 218 999 295 119 37 158 859 238 179
701 345 282 483 964 722 88 767 44 946 745 402 910 212 650 391 847 556 106 868 370 11 172 128 590 934 254 674 427 30 335 76 233 635 998 311 538 458 816 274 579 839 797 699 196 480 899 620 520 160
541 881 621 721 963 141 861 782 486 705 287 206 768 304 352 226 750 450 809 929 670 328 692 269 576 372 13 173 75 91 114 413 56 259 837 516 957 190 657 615 396 476 917 136 539 597 858 38 1000 440
641 542 484 942 624 3 182 582 324 684 907 843 804 708 884 351 103 749 570 968 389 531 512 468 871 933 993 734 152 255 92 131 455 606 431 835 234 57 275 177 779 219 316 680 379 298 800 39 80 420
521 1 461 241 682 63 203 443 363 165 627 664 725 707 806 45 350 909 989 511 751 557 493 873 111 953 852 776 130 792 412 605 337 33 154 292 434 836 188 236 593 97 276 394 898 939 658 318 580 980
201 421 343 161 762 482 84 802 362 825 723 284 683 102 264 746 550 70 666 508 709 844 448 990 149 891 575 51 470 875 592 535 231 32 257 16 913 414 339 189 613 958 937 397 638 135 799 659 979 320

