50 15 750
15 12 86 2 13 3 65 9 20 6 76 14 82 11 42 15 10 5 50 13 29 10 30 7 53 4 52 8 19 1 24
15 2 19 1 76 4 77 10 73 6 76 5 87 11 61 14 51 3 61 7 99 8 38 13 98 9 34 12 34 15 44
15 10 29 8 80 5 63 1 15 3 75 2 27 9 98 11 38 4 57 6 80 13 56 15 54 12 55 7 35 14 15
15 1 72 13 73 4 67 12 58 11 14 3 59 14 6 8 70 15 88 7 66 9 65 5 96 10 95 6 56 2 16
15 4 21 2 78 10 3 6 76 11 10 9 46 3 98 1 12 14 55 8 92 5 42 7 68 15 67 12 75 13 97
15 6 30 5 20 11 80 9 16 4 76 14 45 2 97 10 70 7 54 3 38 12 76 15 84 1 55 13 93 8 67
15 12 81 4 53 10 37 3 84 5 33 14 69 8 52 7 11 11 2 1 7 15 79 13 36 9 78 2 92 6 19
15 8 28 10 78 1 62 13 17 14 38 2 66 4 68 15 6 5 60 6 93 12 47 7 63 3 26 11 58 9 46
15 15 19 12 4 3 66 13 51 14 61 5 16 6 72 10 20 8 85 7 95 11 37 1 21 9 94 2 64 4 8
15 13 45 2 84 15 52 11 50 12 77 3 38 9 60 4 2 14 50 10 65 8 71 1 67 6 95 7 71 5 24
15 6 32 15 6 3 42 13 74 8 56 4 38 7 55 11 84 2 96 12 86 10 47 5 38 9 4 14 72 1 91
15 8 81 12 49 2 40 5 57 7 16 3 7 9 13 10 18 14 96 11 84 6 53 15 70 1 94 13 74 4 89
15 9 71 2 66 4 45 11 27 12 79 8 75 7 71 1 88 14 14 3 36 15 88 5 23 13 52 6 74 10 78
15 12 46 7 69 13 24 14 20 5 37 2 53 1 82 10 34 9 54 6 47 11 13 3 28 4 78 8 42 15 86
15 9 46 5 88 4 37 14 75 2 56 3 77 13 21 7 8 10 52 1 53 15 12 6 81 12 72 8 79 11 98
15 9 12 3 10 6 98 4 15 5 55 13 48 15 91 2 11 10 28 11 42 7 13 14 85 1 15 8 21 12 24
15 1 44 11 46 5 79 8 13 7 48 15 78 12 67 10 72 3 87 6 64 2 21 14 58 13 75 9 86 4 10
15 2 32 9 73 7 70 3 30 10 91 5 63 14 33 12 38 11 42 4 82 15 71 8 70 6 78 1 15 13 80
15 13 6 6 27 12 79 3 59 8 77 4 99 15 27 2 26 9 61 5 11 14 20 10 66 7 96 11 55 1 48
15 15 57 9 47 5 84 6 84 1 92 3 4 12 62 10 23 2 56 7 99 14 68 11 5 4 31 8 83 13 31
15 4 24 5 43 14 48 12 79 8 40 13 57 7 90 10 83 15 8 6 99 9 29 2 8 1 40 11 64 3 57
15 8 77 9 53 15 1 6 99 3 39 1 81 2 58 10 94 11 41 13 93 7 61 5 24 14 32 4 31 12 48
15 7 42 12 39 15 60 8 41 13 40 10 45 9 14 1 27 2 8 3 29 5 89 14 92 4 74 11 97 6 16
15 10 14 3 28 4 10 15 6 9 27 2 57 11 54 5 62 14 57 12 98 7 32 6 32 8 21 13 61 1 66
15 3 6 12 13 2 33 10 88 1 92 5 20 13 79 6 63 9 29 7 97 8 66 14 59 4 2 11 83 15 20
15 2 36 12 35 9 70 1 34 13 60 4 63 11 90 15 94 8 56 14 27 3 49 5 93 7 27 6 39 10 44
15 6 19 4 13 12 54 13 69 15 56 3 32 11 80 9 30 14 49 7 74 10 79 1 25 5 69 2 9 8 51
15 8 37 9 92 3 59 6 11 14 41 5 68 10 3 7 6 15 3 11 54 13 98 1 82 4 21 12 61 2 95
15 3 79 1 15 12 44 6 91 8 93 13 38 11 90 14 21 10 42 7 40 2 15 9 24 5 97 4 34 15 27
15 8 74 12 69 10 81 1 7 7 71 9 6 5 32 13 15 3 28 4 6 15 53 6 73 2 65 14 29 11 37
15 15 45 3 87 9 27 11 76 8 64 5 35 4 4 2 57 10 43 1 98 12 62 6 49 14 44 13 75 7 38
15 7 93 9 78 8 92 12 44 5 20 3 83 4 51 2 68 11 91 14 7 10 97 6 69 1 97 15 94 13 58
15 14 80 3 80 2 22 15 51 7 71 1 25 13 13 12 7 5 88 11 26 6 83 8 73 4 73 10 39 9 58
15 1 77 4 19 15 9 8 60 10 19 3 87 11 60 5 48 12 86 7 50 9 7 2 19 6 14 13 52 14 97
15 5 4 4 86 12 56 14 86 8 49 6 16 1 46 9 93 7 87 13 39 3 22 2 1 15 71 11 4 10 84
15 8 39 14 84 5 98 9 95 13 22 15 48 11 28 12 27 1 21 6 55 3 80 10 10 2 89 4 87 7 76
15 13 69 11 80 5 59 2 98 9 76 6 12 10 4 3 58 12 24 1 86 15 45 7 89 4 17 8 30 14 81
15 1 22 6 5 5 28 15 18 14 46 2 88 3 10 11 90 10 80 9 53 13 41 7 98 12 28 8 12 4 25
15 3 93 12 19 10 83 2 58 8 61 15 7 1 88 6 17 13 81 4 69 7 76 14 12 5 71 9 61 11 28
15 13 21 4 20 11 89 7 38 10 91 1 49 3 42 12 26 8 89 15 80 9 10 5 15 2 49 14 45 6 59
15 6 86 11 2 13 20 1 17 9 48 8 46 7 6 10 43 12 16 2 51 3 74 5 81 15 74 4 64 14 15
15 7 47 14 98 8 32 10 35 4 81 2 96 15 42 5 15 12 35 13 92 3 55 11 98 6 61 9 74 1 30
15 5 44 9 8 10 53 8 45 7 71 3 65 6 87 14 4 4 35 12 9 11 30 1 56 15 67 13 68 2 90
15 2 62 8 31 9 14 3 43 13 21 10 58 12 82 5 85 15 88 11 33 4 39 7 70 6 63 1 82 14 57
15 8 71 5 99 9 78 11 83 4 88 14 9 3 50 13 38 1 76 2 85 10 97 15 19 6 68 7 51 12 25
15 3 3 15 57 13 75 8 95 5 6 14 31 6 79 10 86 1 95 4 87 2 66 9 35 11 68 7 17 12 18
15 8 68 3 71 12 84 14 64 9 53 11 67 5 44 13 1 10 63 1 27 4 10 6 21 15 50 2 13 7 76
15 10 56 15 77 2 40 3 82 13 75 12 92 5 17 8 72 6 10 11 12 1 48 4 5 7 3 14 13 9 33
15 13 25 1 86 11 32 5 31 9 14 10 58 8 31 12 62 4 41 3 55 6 44 2 13 15 53 7 33 14 63
15 12 8 4 95 6 44 11 38 2 6 7 95 15 87 14 47 13 42 1 72 5 93 3 92 9 38 10 98 8 55

insa:
3328
556 46 496 17 241 722 365 108 422 34 379 202 100 321 745 604 338 290 68 132 591 534 517 486 577 417 642 669 188 220 700 439 550 684 88 269 460 360 147 178 478 402 630 659 313 15 716 285 238 165
16 256 62 646 376 363 182 137 740 201 574 561 168 111 544 82 2 339 708 322 351 483 36 294 473 621 215 278 732 522 610 159 251 458 507 704 431 233 670 134 598 104 538 448 686 404 312 645 420 60
676 361 571 153 123 452 408 94 649 347 274 320 259 562 421 51 227 35 67 482 3 171 471 340 291 692 85 636 667 548 709 396 501 592 216 141 249 730 521 190 626 611 207 444 536 386 24 118 747 315
61 301 737 587 92 497 512 18 48 183 620 80 348 156 213 392 381 112 665 656 276 472 265 639 229 729 143 701 457 418 329 373 39 580 445 208 298 553 343 685 493 434 539 13 135 614 255 717 570 180
631 302 558 511 77 662 200 543 288 126 366 95 724 212 33 528 653 169 243 470 261 411 680 114 353 21 489 623 230 71 327 697 503 456 341 597 746 442 280 57 612 9 387 712 192 433 583 162 403 150
151 557 601 738 272 76 64 319 127 289 368 391 409 20 424 546 228 516 682 5 637 176 535 115 357 578 205 658 491 731 702 477 250 268 40 508 447 628 462 222 389 310 194 148 714 345 673 105 59 600
616 466 197 331 589 741 258 635 307 157 98 130 170 370 245 413 84 657 55 485 187 295 356 326 519 218 117 607 72 505 440 430 400 734 552 705 581 236 388 25 283 12 567 465 689 149 718 44 674 540
106 406 526 691 661 647 634 316 305 618 166 32 334 155 499 97 468 129 727 53 244 275 679 515 436 186 575 425 70 455 358 594 606 267 371 146 384 209 299 492 554 26 713 405 14 224 569 750 239 90
211 632 181 407 287 648 453 467 317 257 378 79 66 725 663 226 369 545 529 337 172 350 4 605 37 518 204 695 398 142 56 103 596 133 279 441 506 565 432 748 120 629 311 163 687 254 584 28 720 495
346 706 633 107 63 93 31 364 573 619 651 19 128 590 260 726 308 83 203 336 173 412 547 500 323 293 564 683 248 438 476 219 699 608 145 429 459 537 282 234 671 401 11 58 161 494 390 749 195 525
588 542 739 242 454 78 723 65 184 50 602 139 563 99 664 382 158 655 131 415 532 264 352 175 324 474 641 397 502 696 490 22 427 206 38 374 627 7 297 235 119 344 524 284 450 688 715 314 585 225
736 91 122 196 362 572 304 377 273 332 513 167 49 652 185 423 140 1 469 728 263 292 533 393 247 693 488 437 640 355 624 86 593 116 711 504 549 609 330 461 160 419 223 74 43 568 690 29 240 675
271 586 136 541 721 198 678 124 47 650 154 109 306 367 380 744 335 603 530 102 416 394 487 325 668 710 426 625 217 231 698 359 520 579 644 443 566 509 270 10 41 300 253 193 89 464 27 480 179 75
303 560 527 199 617 125 96 110 743 481 81 52 410 514 262 174 681 666 69 214 354 638 694 475 328 189 144 399 428 23 372 6 281 252 296 385 342 582 599 735 463 510 449 164 660 237 615 719 555 45
121 286 152 677 559 451 707 318 498 333 138 742 349 101 654 309 54 414 531 113 246 484 266 576 395 277 622 177 383 643 595 87 703 551 733 232 446 8 221 191 73 523 613 210 479 42 672 375 435 30

