50 15 750
15 15 68 3 21 6 7 2 19 4 83 8 74 11 12 5 69 12 39 9 9 1 63 10 67 7 58 14 37 13 15
15 2 62 1 83 6 32 3 56 5 61 8 67 4 9 11 50 14 88 15 99 13 50 12 86 7 42 9 70 10 30
15 14 20 15 40 2 28 5 51 9 23 8 34 1 10 7 71 10 41 3 14 11 62 13 41 6 14 4 72 12 48
15 10 47 11 32 4 99 5 51 13 85 7 49 2 32 15 89 1 75 8 24 14 8 12 49 6 86 3 97 9 86
15 2 12 3 65 1 3 4 89 9 26 14 67 5 24 8 24 15 4 13 43 12 33 11 52 10 40 6 84 7 99
15 9 77 10 1 3 81 2 61 8 51 4 14 15 78 11 69 12 95 6 18 13 15 1 66 5 74 14 84 7 1
15 11 23 15 58 8 33 12 52 5 26 4 12 3 97 14 78 6 51 9 82 10 5 1 74 2 12 7 25 13 40
15 13 68 15 66 11 14 3 95 2 19 10 97 7 58 12 54 14 74 1 5 6 83 8 92 4 8 5 96 9 80
15 4 89 13 76 12 74 9 77 8 59 1 39 14 36 3 39 5 45 10 34 2 48 11 72 7 70 15 75 6 42
15 11 38 5 43 7 9 14 29 9 82 1 4 15 42 3 71 10 92 4 27 2 44 13 77 8 55 12 92 6 90
15 14 7 5 57 8 20 6 39 9 61 4 10 7 93 3 34 10 85 12 62 1 29 13 4 2 51 11 62 15 47
15 5 65 3 57 7 76 6 89 2 9 14 61 4 64 1 2 15 85 9 84 11 27 10 70 13 5 8 59 12 69
15 1 36 14 33 5 79 12 8 6 85 13 76 11 92 4 5 10 23 7 70 3 24 15 1 8 39 9 1 2 71
15 1 44 14 48 4 59 2 56 9 77 7 12 13 87 3 41 15 89 6 24 12 24 5 58 10 56 11 17 8 33
15 12 52 1 20 4 57 9 96 10 12 6 40 2 60 5 7 8 34 14 91 7 21 3 44 15 79 13 54 11 35
15 12 12 10 24 4 15 11 66 6 62 8 4 3 37 13 33 1 77 9 67 14 76 5 41 7 77 2 51 15 81
15 6 63 1 60 8 49 7 76 3 75 13 65 14 26 12 74 10 11 4 44 2 67 9 94 11 90 5 62 15 86
15 6 31 8 6 13 62 7 81 9 72 1 20 2 18 15 78 3 3 5 98 14 94 10 22 11 4 12 65 4 72
15 5 21 9 44 3 87 12 31 10 91 4 31 6 81 8 10 14 31 11 24 13 38 2 90 7 18 15 2 1 1
15 11 31 13 76 4 62 6 1 2 66 12 36 7 36 9 55 15 22 5 86 8 74 3 8 10 59 1 37 14 37
15 12 4 14 71 2 39 7 16 5 33 11 26 10 45 8 87 6 42 13 11 4 18 3 11 1 17 9 76 15 51
15 8 34 10 38 15 74 1 54 6 60 4 91 14 81 13 92 2 45 7 51 3 20 5 71 9 14 11 13 12 58
15 13 66 1 13 15 21 2 92 8 3 10 3 9 78 3 47 5 46 6 52 7 87 11 87 14 62 4 70 12 90
15 9 85 10 17 12 86 6 96 11 55 13 74 14 18 8 81 2 56 1 3 3 31 5 15 4 92 7 47 15 3
15 7 93 15 33 13 74 2 90 1 52 8 37 12 42 11 28 9 83 14 82 3 72 6 13 4 9 10 52 5 21
15 10 11 6 61 14 47 13 11 9 41 2 7 4 31 3 51 15 2 1 81 12 45 11 27 7 52 8 88 5 61
15 1 98 7 52 4 41 11 5 6 20 5 97 10 48 13 23 2 34 15 28 8 75 3 21 12 60 14 86 9 34
15 6 55 10 99 13 49 15 44 11 28 3 37 8 12 1 69 7 86 5 74 2 45 14 95 12 97 4 78 9 1
15 5 93 1 42 6 25 12 34 11 59 13 10 10 44 8 38 14 80 4 29 9 68 3 71 15 27 2 24 7 46
15 14 29 13 16 4 78 11 32 3 30 5 72 8 91 6 77 15 5 1 90 9 24 12 6 2 70 7 54 10 52
15 12 38 15 68 6 52 8 79 13 5 7 47 11 42 14 4 10 66 3 47 9 71 2 79 4 17 1 64 5 53
15 2 51 7 90 6 62 1 97 12 77 13 30 3 17 10 13 5 65 11 60 8 90 15 13 14 78 9 82 4 77
15 6 22 10 38 7 94 15 10 5 64 1 22 4 91 12 70 2 22 14 54 3 82 8 49 9 30 13 62 11 66
15 7 88 4 79 14 9 3 18 5 54 15 20 1 59 13 24 11 52 6 70 2 16 10 32 12 60 8 79 9 92
15 14 44 10 7 12 78 5 85 4 13 1 3 8 58 2 62 3 59 15 79 6 31 9 44 7 12 11 79 13 6
15 9 72 4 70 6 97 7 25 3 8 13 99 5 65 11 2 8 92 2 3 14 61 15 95 1 42 12 82 10 60
15 3 15 9 85 8 2 5 4 4 69 7 42 13 73 6 73 14 28 11 16 15 37 10 59 2 46 1 64 12 41
15 11 55 15 88 14 69 7 56 12 48 1 17 2 2 4 66 13 70 9 57 8 67 3 38 5 45 10 14 6 94
15 2 59 9 99 14 97 13 14 12 3 8 26 1 6 3 47 7 35 4 71 5 49 10 91 6 38 11 74 15 42
15 8 41 3 40 1 98 9 50 6 54 12 14 7 64 10 54 13 84 11 26 2 56 14 69 15 96 5 6 4 42
15 5 88 2 43 15 40 7 48 14 46 10 70 9 8 13 36 4 16 6 85 1 82 11 50 12 74 3 28 8 87
15 14 6 6 48 7 70 10 98 1 19 11 24 5 37 9 38 13 85 12 99 2 20 15 76 8 94 4 90 3 14
15 5 56 8 14 4 61 6 34 2 25 11 70 3 50 10 15 9 6 14 77 7 37 13 8 12 63 15 37 1 25
15 10 95 2 34 11 65 13 88 9 43 14 42 1 30 4 62 3 86 12 52 15 61 5 16 6 48 7 62 8 53
15 1 44 3 92 13 4 11 59 15 3 4 34 9 8 10 78 2 22 5 98 8 9 6 63 14 84 7 54 12 53
15 11 91 8 14 15 88 14 54 5 29 2 66 13 48 1 58 12 42 7 26 3 8 6 7 4 99 9 23 10 74
15 15 67 8 77 1 32 14 97 11 71 12 47 6 67 2 98 9 43 4 62 3 84 7 44 5 2 13 60 10 46
15 10 27 8 72 9 62 14 7 11 76 3 3 4 30 7 37 5 9 13 13 1 72 6 99 2 16 12 17 15 40
15 13 52 8 97 9 25 15 92 11 54 1 55 14 51 5 92 7 40 10 52 12 62 6 42 2 1 3 56 4 9
15 14 64 15 83 7 31 10 47 1 19 4 62 9 11 6 44 12 55 13 60 11 84 3 64 8 83 2 7 5 10

insa:
3169
661 196 212 181 391 332 17 693 242 620 63 588 319 469 385 234 365 422 141 261 516 577 115 716 740 726 486 54 445 37 173 502 313 652 611 413 683 561 126 645 161 355 299 87 102 11 538 554 464 285
61 16 466 4 647 602 635 571 303 334 110 364 381 199 170 79 33 262 669 52 535 518 217 290 681 718 626 562 489 146 399 506 354 251 698 131 416 596 103 324 448 239 553 163 462 434 733 282 749 195
62 587 2 167 662 19 109 78 440 637 383 232 530 273 711 472 541 578 143 97 245 499 158 411 519 312 264 40 203 654 338 128 686 297 222 460 747 701 402 491 356 59 371 191 567 326 432 614 734 630
121 228 213 633 198 527 438 156 48 666 382 393 288 5 515 81 712 64 172 22 96 321 580 609 497 487 741 311 545 653 145 563 44 250 688 700 188 276 118 358 430 480 270 373 344 463 629 735 419 600
271 631 137 166 152 601 183 421 305 622 20 49 441 514 396 680 714 532 95 474 67 485 34 670 500 544 218 581 237 265 728 295 339 129 415 390 8 207 703 357 657 88 119 254 327 568 599 465 750 375
256 617 406 241 3 377 634 154 18 230 528 453 468 169 395 349 481 320 309 423 590 289 443 216 185 610 697 743 116 521 717 43 505 99 583 687 58 340 548 205 85 672 658 277 74 372 135 732 570 150
361 138 618 467 168 392 604 304 259 529 244 112 738 496 641 713 483 51 579 157 388 201 38 559 292 456 546 592 414 685 729 221 523 238 341 133 702 104 28 190 325 449 13 659 674 435 359 90 283 75
316 257 586 692 632 722 153 677 243 231 707 93 454 308 576 80 442 366 21 534 68 335 517 543 55 36 353 412 389 219 476 125 296 148 6 671 428 401 117 509 492 566 179 210 278 628 193 660 748 615
526 272 76 723 155 346 572 623 380 589 708 639 667 140 260 214 65 235 607 542 369 35 200 650 742 314 293 124 337 522 100 252 699 689 175 10 446 479 565 493 29 431 461 60 328 194 120 405 510 420
376 46 227 317 646 407 619 706 77 512 347 307 111 638 482 473 668 739 606 215 144 336 275 159 39 427 397 582 593 249 507 459 73 130 730 298 101 189 267 177 552 12 208 705 30 450 690 569 374 540
91 136 556 676 229 286 47 108 648 636 621 664 306 439 394 710 350 725 695 533 387 368 23 425 475 83 410 72 504 41 457 612 746 584 7 187 132 550 595 176 268 342 253 209 225 164 280 329 524 495
211 226 301 451 184 348 513 575 470 113 386 274 94 643 367 591 424 696 123 625 71 57 488 291 160 560 744 248 719 684 84 655 45 508 613 206 9 149 447 27 403 731 269 418 555 539 675 330 180 345
721 106 258 331 437 287 663 363 379 649 574 50 233 471 531 642 351 715 122 624 608 408 70 426 310 246 202 503 455 682 398 42 745 547 147 186 564 26 86 594 323 224 178 704 162 281 494 105 15 525
616 151 31 436 511 197 139 182 736 302 558 378 694 605 573 709 171 640 679 114 66 352 322 727 56 498 536 236 651 247 98 220 458 127 370 24 490 478 549 266 417 429 343 597 673 279 404 89 14 300
691 1 362 557 107 333 452 603 92 318 665 737 384 678 724 32 142 263 484 53 69 82 444 409 644 501 174 520 294 477 627 400 204 25 656 585 551 223 537 720 315 134 240 192 433 598 165 284 360 255

