30 15 450
15 6 20 4 56 13 69 7 15 10 6 2 75 15 84 5 24 3 64 14 37 11 79 1 95 9 27 12 60 8 35
15 2 27 8 58 1 56 3 30 5 30 12 57 11 55 15 63 6 32 13 43 9 44 4 74 10 46 7 11 14 41
15 10 43 2 75 7 8 5 71 1 50 11 56 6 13 14 14 8 99 12 57 15 86 3 28 4 37 9 83 13 70
15 6 68 9 66 7 27 15 33 2 47 1 73 4 87 12 70 13 21 11 22 8 30 14 10 5 11 3 10 10 17
15 1 6 12 49 2 11 6 69 10 50 14 50 15 12 3 73 8 84 13 92 4 1 9 84 5 88 11 52 7 46
15 13 14 2 7 11 11 8 79 15 45 10 22 1 85 3 67 7 64 14 75 9 22 4 35 12 65 6 30 5 68
15 9 67 13 17 4 58 12 20 7 45 6 55 3 53 8 10 11 3 14 66 15 63 2 36 5 93 1 40 10 85
15 9 8 5 27 11 68 1 39 15 24 3 67 13 32 2 42 7 54 10 18 4 58 14 75 8 37 6 63 12 16
15 13 83 6 27 4 3 9 25 5 68 12 63 8 33 15 86 3 12 2 22 14 75 7 16 10 44 11 80 1 48
15 1 93 10 54 6 81 15 14 2 69 14 66 7 20 12 2 8 6 11 88 5 7 9 73 3 66 4 66 13 81
15 14 62 7 81 5 36 8 86 3 95 9 92 13 46 11 10 6 6 12 18 1 41 2 70 4 29 10 22 15 15
15 7 47 1 38 8 59 9 97 5 62 14 9 3 21 2 30 10 8 15 23 13 74 11 48 6 14 12 68 4 55
15 7 67 1 26 5 3 8 83 3 73 13 19 11 12 9 81 14 15 12 34 15 88 10 54 4 35 6 58 2 69
15 4 7 13 42 6 32 2 93 7 97 5 4 8 98 3 80 12 90 10 58 14 40 15 15 1 34 9 58 11 3
15 12 68 4 3 2 39 14 51 8 71 10 77 9 44 15 43 11 6 5 38 7 10 3 81 13 42 1 28 6 65
15 8 29 14 12 10 64 5 55 11 77 3 20 1 78 7 39 6 88 4 47 9 81 2 41 15 18 12 7 13 40
15 8 61 6 26 15 24 11 60 14 76 7 57 4 67 3 28 10 61 13 60 5 3 9 20 2 47 1 26 12 90
15 14 33 8 82 11 36 2 51 6 97 12 19 9 63 1 27 15 35 7 28 5 26 4 13 13 66 3 11 10 26
15 6 49 11 71 8 99 12 67 15 77 2 20 13 96 1 1 14 88 3 21 5 81 7 84 4 49 10 92 9 7
15 11 83 8 17 6 92 3 87 12 17 15 61 4 31 10 1 1 67 7 80 5 8 13 16 14 50 9 9 2 69
15 12 38 4 73 7 86 3 65 8 83 11 25 2 35 14 22 1 81 5 14 9 19 6 42 15 21 10 30 13 83
15 11 67 10 61 1 96 4 44 5 13 6 38 9 51 12 90 2 84 8 30 7 13 15 60 13 20 14 14 3 82
15 11 87 10 75 1 24 5 67 8 20 3 96 2 76 14 61 7 44 15 51 13 90 9 40 12 4 4 16 6 51
15 7 22 1 52 8 35 14 58 6 1 4 62 15 4 2 68 10 8 13 39 9 48 3 76 5 51 12 25 11 37
15 8 34 7 51 12 27 6 40 14 11 13 96 9 81 5 88 15 90 10 32 1 62 4 52 2 91 3 54 11 96
15 8 40 6 1 11 3 7 71 12 20 14 52 10 92 1 73 13 17 3 87 9 81 15 35 2 24 4 23 5 93
15 14 58 8 65 3 1 10 81 2 34 12 48 1 82 6 32 9 23 11 44 13 20 7 80 4 85 15 56 5 90
15 8 82 10 61 5 68 15 65 14 48 3 88 13 2 4 76 9 37 11 72 1 18 7 11 12 33 6 24 2 65
15 10 94 13 14 8 17 12 25 5 57 6 81 1 8 2 81 14 59 9 97 4 43 11 34 3 55 7 36 15 2
15 11 23 12 64 15 7 14 89 6 13 2 96 13 84 10 91 4 20 7 3 9 45 3 50 1 1 5 41 8 57

insa:
2182
61 136 167 18 347 182 232 333 109 383 51 294 318 263 35 82 397 309 448 427 278 104 371 12 416 161 224 254 208 135
16 32 63 199 213 77 6 50 140 173 259 441 113 353 395 307 337 102 276 300 428 237 388 130 324 373 253 162 195 420
231 19 289 304 393 97 172 68 9 111 185 336 385 155 447 129 248 148 83 280 411 269 203 222 42 374 59 357 433 330
196 2 302 212 93 123 292 351 319 116 444 267 235 247 52 27 149 71 389 372 413 193 403 87 43 431 344 283 163 180
107 229 20 183 170 8 334 125 408 153 34 368 320 425 296 266 146 201 103 310 449 220 281 390 251 73 58 405 358 90
1 46 377 198 64 288 138 96 271 242 364 122 350 440 24 260 321 234 426 398 37 312 159 178 194 419 89 345 119 225
346 166 379 181 4 303 95 48 362 33 233 152 200 142 246 114 295 265 445 339 221 402 84 326 132 417 282 29 75 434
226 361 376 287 241 17 406 168 348 392 79 215 257 423 184 273 98 335 305 144 154 127 202 69 39 325 118 450 56 15
91 106 47 169 124 367 26 262 188 217 322 446 147 299 236 311 386 399 156 13 72 414 430 86 252 356 342 44 209 285
31 228 137 65 5 421 332 382 407 174 293 81 317 394 216 115 443 354 370 249 105 192 314 133 28 205 60 270 284 164
286 378 436 331 230 78 108 22 272 244 258 316 187 99 306 145 11 36 219 400 55 177 158 415 74 134 432 375 360 210
62 301 211 380 94 437 21 290 363 424 126 261 274 143 396 190 53 323 40 239 14 204 160 418 88 343 179 359 255 120
197 92 121 3 76 422 366 384 25 112 186 442 176 297 355 277 268 70 54 401 412 250 240 157 341 223 328 150 315 45
256 227 391 151 214 381 66 349 439 171 365 141 245 10 100 410 308 117 298 338 189 279 38 429 131 85 57 206 329 30
438 139 67 49 7 243 291 80 23 110 352 175 409 275 264 101 128 369 218 340 387 191 238 313 41 327 404 207 435 165

