20 20 400
20 18 24 8 8 10 42 13 87 5 95 6 14 15 30 9 89 1 69 3 32 19 59 4 20 11 26 12 35 17 83 14 25 20 48 16 51 2 58 7 99
20 19 5 11 34 7 32 4 29 5 44 17 79 2 73 15 13 16 25 14 8 12 37 20 6 18 1 9 31 1 97 10 7 3 47 6 91 13 74 8 38
20 14 67 17 68 9 44 8 31 5 90 4 29 16 21 20 37 19 82 18 27 6 33 2 1 11 73 15 35 13 83 12 79 7 79 10 92 3 44 1 78
20 14 13 19 85 5 76 7 84 6 77 15 20 10 63 20 1 2 5 4 5 11 50 8 11 13 8 3 14 16 34 12 20 9 58 18 32 17 56 1 74
20 18 71 11 12 9 79 13 78 4 26 15 38 17 72 16 83 3 51 1 9 8 45 6 13 14 31 20 91 12 40 19 5 7 91 5 24 10 96 2 72
20 6 83 1 98 20 83 18 22 9 8 8 28 13 93 7 5 2 82 4 65 14 77 17 56 16 66 3 61 15 82 11 9 10 82 12 35 19 83 5 51
20 18 38 15 78 7 91 9 21 19 88 3 93 17 15 13 10 6 68 1 75 5 53 16 35 8 11 11 68 4 98 20 56 2 37 12 57 10 15 14 83
20 12 3 2 98 16 19 17 67 3 33 14 78 10 59 15 2 1 32 7 78 19 97 11 77 8 72 6 34 5 45 18 26 4 79 20 28 13 88 9 19
20 18 46 11 28 8 99 3 95 17 17 14 84 12 68 1 26 9 32 5 85 20 98 4 59 2 67 13 44 6 80 19 70 10 95 15 70 7 9 16 49
20 19 27 16 17 15 6 13 62 10 90 20 17 11 58 17 94 8 11 18 65 7 96 12 76 1 58 3 60 5 51 9 51 14 98 6 26 4 92 2 66
20 2 92 1 9 10 71 7 66 20 57 18 56 12 8 19 80 16 11 17 78 15 50 9 37 8 92 14 5 4 13 11 63 13 21 5 6 6 2 3 27
20 16 70 3 55 11 13 20 50 10 23 4 75 18 24 17 69 14 72 12 53 5 94 7 25 2 21 8 57 15 16 13 17 6 70 19 34 1 42 9 6
20 7 94 2 80 20 74 15 71 18 8 12 51 11 87 4 86 14 37 3 93 13 82 16 1 5 76 17 49 9 35 19 44 6 50 1 75 10 63 8 4
20 3 19 11 40 2 30 20 92 6 10 13 60 9 32 15 71 18 73 14 61 12 31 5 94 17 61 19 85 16 91 1 98 7 35 8 55 10 84 4 93
20 15 68 1 13 9 30 4 83 10 46 11 8 3 41 18 83 5 33 7 19 20 75 2 37 17 17 6 29 13 5 14 62 16 96 8 7 19 73 12 39
20 9 49 13 19 14 10 11 67 8 6 1 42 5 87 17 83 6 7 16 51 19 55 4 79 10 24 3 2 12 88 20 80 15 37 7 58 2 20 18 45
20 9 89 13 33 20 27 12 20 11 2 5 26 3 88 8 24 10 62 7 68 1 59 16 53 14 7 2 85 17 66 15 14 6 22 4 15 18 8 19 58
20 10 88 7 88 17 91 5 72 4 9 3 41 15 76 9 24 13 77 8 60 18 93 16 39 20 93 19 71 2 13 1 73 6 44 11 15 14 19 12 95
20 10 93 19 34 13 36 11 82 15 28 17 52 2 22 18 33 5 77 8 27 1 62 9 59 3 52 16 1 20 39 7 85 6 62 4 34 12 77 14 74
20 7 15 3 38 18 83 10 32 20 12 12 41 15 81 8 79 5 90 4 12 9 18 13 37 19 1 16 91 17 73 1 5 6 82 2 64 11 37 14 91

insa:
1959
282 102 306 202 168 149 90 130 9 193 35 371 331 396 80 356 276 258 60 239
263 142 242 201 109 69 367 27 292 52 173 355 233 398 137 334 100 19 319 200
261 382 164 287 145 222 126 346 89 74 327 10 114 250 194 373 37 314 59 220
24 284 85 345 46 110 70 226 390 248 172 12 312 135 215 157 378 338 199 280
63 25 307 344 45 289 5 389 326 170 272 369 131 231 98 195 253 155 120 218
101 265 65 6 129 92 51 309 294 397 175 357 154 38 377 257 198 337 237 219
241 23 381 342 123 64 108 204 290 191 150 97 330 232 57 376 277 318 179 20
2 163 305 44 106 388 189 72 91 350 328 370 133 153 234 213 298 278 40 260
301 83 283 43 267 105 124 321 169 348 8 391 77 34 372 196 212 255 160 240
341 3 361 285 384 185 203 147 67 225 329 36 99 313 117 58 177 139 279 259
262 82 22 162 304 286 187 223 364 71 325 247 53 13 134 152 116 399 358 216
141 386 167 246 324 271 207 76 192 31 95 230 56 14 315 118 138 360 379 300
302 184 84 266 363 4 107 322 128 73 349 392 55 251 174 295 236 39 217 159
61 41 303 166 146 270 111 93 30 249 229 296 333 197 214 16 359 400 140 380
281 183 122 86 387 268 66 244 365 148 347 7 28 54 115 211 235 336 317 178
182 143 221 88 47 75 113 29 394 310 352 132 209 374 252 332 275 297 18 180
42 343 144 165 87 188 127 366 26 112 228 293 308 273 79 395 210 254 15 335
81 1 161 121 383 104 288 269 245 190 206 227 50 368 33 78 351 156 339 320
21 181 62 362 125 49 208 393 151 96 11 311 274 354 176 256 119 299 340 238
264 103 385 243 186 224 205 68 48 323 291 94 32 171 353 375 136 316 17 158

