50 20 1000
20 1 35 2 73 12 56 18 28 11 81 8 82 6 5 14 48 4 36 5 37 20 9 10 8 13 9 15 20 16 78 3 77 17 31 19 44 9 9 7 40
20 4 41 17 26 6 27 8 31 11 62 12 20 15 17 19 55 14 57 2 21 9 61 10 63 20 17 13 14 1 59 3 91 16 54 5 64 18 21 7 47
20 7 4 12 92 8 75 3 21 5 21 13 98 15 32 6 41 1 29 14 42 11 71 19 90 20 69 2 87 9 71 16 18 10 41 4 78 17 60 18 85
20 14 72 7 21 20 8 17 55 3 86 4 17 11 98 10 71 8 18 2 86 1 84 15 88 13 97 6 75 19 70 5 67 9 36 18 11 16 97 12 55
20 9 88 1 15 14 29 8 51 11 82 5 66 17 26 7 70 2 7 18 87 16 81 4 76 3 44 10 27 20 88 19 34 6 70 12 62 15 44 13 67
20 8 26 13 24 1 87 18 48 4 55 16 68 5 54 14 83 15 17 7 50 17 87 20 18 11 83 2 32 19 71 10 72 12 95 6 39 9 37 3 21
20 16 80 8 31 2 20 1 51 19 32 6 21 20 12 11 79 13 1 7 93 18 80 15 60 4 17 12 78 14 87 5 64 17 47 3 66 10 64 9 47
20 20 59 3 10 17 80 15 46 6 62 7 40 16 68 10 26 18 54 12 50 11 61 4 77 13 40 5 94 1 36 2 67 8 59 14 55 9 15 19 71
20 14 36 16 72 13 53 20 91 5 65 1 98 4 60 19 60 11 62 2 52 18 39 15 13 6 44 8 69 7 3 12 97 9 65 3 16 17 57 10 65
20 6 8 1 99 7 34 11 43 2 38 4 49 3 86 12 91 19 14 8 87 5 45 18 12 10 45 16 14 17 58 9 27 14 68 13 5 20 47 15 61
20 5 79 12 51 10 41 4 51 2 41 3 44 6 50 17 17 11 26 9 2 8 16 14 25 19 38 16 17 18 89 15 83 7 59 13 45 1 37 20 23
20 12 97 14 90 2 92 11 3 1 2 13 9 4 70 16 15 6 38 10 48 20 12 18 10 5 9 9 76 15 27 17 8 7 44 8 81 19 7 3 80
20 8 45 20 13 15 50 4 30 17 85 5 81 12 32 18 64 6 11 16 70 11 1 10 93 1 54 19 13 7 30 13 17 2 16 3 3 14 2 9 19
20 10 57 9 81 11 19 3 46 8 40 13 39 6 63 5 92 18 60 15 8 4 7 17 39 19 9 2 54 16 68 7 21 20 66 14 52 12 54 1 21
20 15 66 1 66 2 48 9 81 3 30 7 81 4 46 13 95 10 22 17 85 5 57 20 83 6 48 16 94 14 11 19 61 12 92 11 49 8 83 18 91
20 17 28 10 14 20 65 13 17 7 97 1 57 18 33 3 96 14 3 5 32 8 70 19 78 6 30 12 68 9 92 2 48 4 9 15 75 16 31 11 75
20 16 25 11 32 12 11 19 22 15 72 18 88 6 50 20 19 13 34 7 87 17 80 2 12 8 26 9 78 4 63 3 3 5 97 14 27 10 25 1 21
20 7 1 10 39 19 20 17 62 13 71 2 41 3 70 8 8 20 11 12 66 5 75 1 67 4 32 6 74 11 8 15 44 18 94 9 61 16 18 14 99
20 19 56 8 47 13 11 18 43 20 57 12 27 6 3 16 54 4 40 9 86 1 40 7 30 17 55 14 48 2 37 3 14 10 49 5 59 11 15 15 99
20 14 72 16 11 13 90 15 18 6 81 19 44 12 79 7 77 4 20 9 86 3 58 18 44 5 32 17 33 1 37 8 92 11 95 2 77 10 97 20 8
20 18 9 5 37 3 7 8 38 2 10 6 4 16 75 19 54 1 2 12 15 11 95 7 4 20 37 9 19 15 56 14 44 10 60 4 90 13 46 17 7
20 9 33 14 58 2 88 10 49 3 50 11 3 15 44 1 8 4 82 13 72 17 99 19 50 6 57 18 19 8 12 5 84 20 69 12 14 7 8 16 10
20 17 37 6 9 12 91 13 92 18 17 19 68 9 34 20 81 4 26 11 99 14 72 2 15 5 93 3 24 10 2 16 73 7 34 8 42 1 12 15 99
20 14 78 2 98 12 9 1 15 17 97 4 86 8 88 6 22 15 31 18 59 20 70 19 42 11 42 5 65 7 18 16 50 10 28 3 57 13 87 9 57
20 20 51 3 34 15 97 8 83 4 15 18 68 7 87 11 78 16 57 10 37 1 61 17 51 2 93 6 35 19 57 5 49 14 42 12 12 13 76 9 17
20 12 33 10 65 6 62 19 11 17 36 2 4 3 97 18 22 9 76 13 17 11 82 20 6 16 96 15 37 4 26 8 89 1 41 7 57 14 23 5 9
20 14 6 16 89 12 61 15 16 13 42 19 20 2 30 5 57 10 66 11 83 17 7 18 21 4 96 20 7 8 31 7 99 1 14 3 85 6 57 9 15
20 8 45 18 79 17 88 7 58 15 2 20 13 19 21 2 8 3 37 9 71 6 99 5 49 11 57 12 95 10 19 4 73 16 64 13 64 1 55 14 85
20 19 51 16 22 17 11 10 82 7 90 9 41 18 88 20 33 2 91 1 99 12 69 8 6 15 33 4 25 13 31 11 7 5 38 14 46 6 41 3 8
20 10 20 13 96 5 88 9 49 7 24 4 89 12 24 15 66 8 69 16 42 2 92 3 62 11 48 14 95 18 28 20 43 17 71 6 9 19 53 1 31
20 16 44 2 99 18 49 12 47 8 60 4 12 19 22 20 49 5 40 11 24 14 51 3 2 6 63 9 99 7 75 1 52 13 59 17 16 15 24 10 55
20 15 67 20 73 18 3 10 72 19 8 12 70 2 73 5 59 17 91 9 69 6 46 8 31 1 6 11 35 3 37 4 93 14 42 7 89 16 34 13 25
20 10 31 18 26 13 7 4 67 12 25 3 43 16 23 11 31 1 28 17 57 15 42 2 16 6 10 9 26 20 50 8 69 5 35 7 18 14 18 19 77
20 6 95 17 10 3 7 1 88 9 78 13 62 12 93 20 23 16 94 5 22 7 85 15 73 8 59 19 12 18 58 10 93 2 47 11 73 14 90 4 18
20 15 82 16 93 4 10 8 46 12 13 1 57 13 30 7 20 2 71 9 41 14 35 20 35 3 52 5 90 6 18 19 80 18 29 10 17 11 74 17 90
20 14 39 18 7 19 15 15 49 11 34 16 50 6 48 17 77 2 26 4 27 10 78 8 38 12 76 13 40 1 2 3 40 5 92 7 73 20 86 9 6
20 18 47 3 28 20 21 16 80 19 46 6 63 10 76 17 20 14 5 1 57 2 9 8 71 4 34 15 27 13 87 11 24 7 63 5 6 9 66 12 65
20 12 52 5 25 6 67 13 53 4 97 3 8 7 23 17 84 1 74 11 75 2 18 16 53 20 31 19 66 9 49 14 51 8 29 18 52 10 34 15 44
20 20 39 7 17 5 48 18 93 3 97 19 79 4 87 14 40 13 2 16 97 15 47 8 47 11 45 9 65 10 29 6 96 12 8 17 42 2 74 1 18
20 9 37 17 83 16 30 13 92 19 87 18 51 5 91 1 39 12 64 20 65 15 48 7 68 6 42 2 10 14 86 4 96 10 98 11 35 8 51 3 48
20 11 98 18 2 14 60 12 23 7 52 3 84 10 38 13 3 16 1 1 46 8 44 6 83 15 68 17 9 19 32 20 19 2 67 4 10 9 12 5 99
20 1 68 4 38 15 90 2 38 10 58 19 9 6 88 12 63 9 9 8 35 7 4 16 13 17 54 13 94 18 89 11 79 20 74 14 31 3 70 5 97
20 9 90 15 18 17 91 5 52 12 51 19 84 13 53 20 8 3 90 6 87 10 32 16 21 8 67 1 13 7 60 14 75 18 38 2 36 11 19 4 68
20 7 46 16 67 8 80 17 62 15 43 10 65 4 9 19 31 12 66 18 42 1 6 3 43 2 47 20 9 11 30 14 6 6 73 5 20 13 1 9 12
20 10 76 11 36 12 91 7 72 5 61 4 8 13 78 14 56 6 24 1 20 19 12 20 51 15 61 18 91 3 17 8 13 17 74 16 63 9 9 2 84
20 6 71 8 11 18 72 19 40 9 73 2 9 13 7 17 88 20 19 5 15 11 45 4 54 1 86 10 38 16 9 15 7 3 74 12 80 14 75 7 80
20 14 38 16 91 11 72 19 44 15 31 10 89 8 4 20 83 6 57 4 63 17 70 5 3 18 12 13 44 9 83 2 7 3 32 1 36 12 26 7 49
20 8 60 17 88 6 3 3 4 10 56 9 1 16 95 4 31 20 54 19 20 14 51 13 88 5 82 15 68 18 69 12 15 1 72 7 3 2 59 11 43
20 13 92 10 88 7 40 17 47 4 80 9 23 16 7 1 98 12 2 6 90 11 74 19 23 18 93 20 94 14 41 8 49 15 2 5 9 3 83 2 84
20 16 84 9 68 6 77 10 54 14 45 2 70 7 34 15 64 19 55 13 66 4 16 20 11 17 9 3 79 18 54 8 23 1 63 11 1 12 91 5 50

insa:
3302
1 821 182 82 282 649 103 664 464 124 810 686 306 166 968 49 225 371 35 788 428 749 491 71 409 352 570 890 871 715 854 730 997 633 913 395 155 253 537 559 517 616 957 938 780 459 280 340 219 600
2 462 185 602 824 205 283 986 627 548 709 346 123 423 652 30 689 89 70 223 506 906 405 527 170 375 569 591 493 332 452 794 751 873 274 731 54 677 817 156 114 980 257 779 398 936 316 858 959 900
722 142 646 663 482 403 65 206 264 806 285 549 347 944 44 746 765 187 308 425 693 507 994 93 849 376 36 612 592 872 391 716 454 635 138 895 240 979 336 917 839 258 580 478 937 16 178 538 800 120
822 644 204 21 683 66 186 105 485 710 745 287 965 606 369 586 167 991 244 152 227 867 948 92 449 886 133 466 767 429 271 353 389 9 930 556 574 912 533 733 636 818 335 796 515 58 317 418 860 680
201 742 402 763 583 86 628 165 107 45 844 552 351 657 310 609 787 268 670 885 528 246 694 291 233 378 453 910 38 496 136 191 393 577 953 154 978 10 932 717 474 1000 337 76 436 878 738 520 820 840
181 442 901 661 983 23 707 743 145 367 827 207 943 267 653 126 551 503 48 385 327 970 406 229 929 812 7 313 173 850 889 726 249 468 494 793 354 293 631 695 613 97 74 776 433 579 877 598 118 539
341 41 62 183 861 762 305 805 565 544 146 987 963 286 487 747 688 585 88 130 884 372 831 110 671 330 792 388 237 658 412 855 175 40 276 536 217 255 737 475 615 518 457 718 958 638 940 439 20 920
541 241 902 362 101 84 941 24 684 484 122 265 43 348 863 605 211 712 404 69 811 656 927 830 589 311 6 996 174 467 333 673 853 572 190 632 772 238 732 535 976 896 396 757 157 516 435 299 458 799
781 81 982 841 262 421 284 665 550 447 566 946 654 210 584 31 966 905 690 370 829 509 630 234 390 334 414 774 500 755 358 819 55 614 196 315 935 159 177 899 77 260 880 739 19 140 720 119 540 480
581 641 302 261 342 881 564 203 624 984 962 825 926 807 711 148 945 68 502 424 32 490 866 289 377 94 230 529 851 555 727 252 676 455 914 193 775 139 698 417 12 57 759 797 477 116 399 339 620 180
801 705 184 882 648 923 263 85 322 67 25 209 128 488 151 5 224 426 610 51 169 450 971 553 750 530 411 251 911 355 593 511 576 773 998 634 379 473 836 113 736 678 699 397 298 875 798 859 960 320
741 443 202 645 501 3 463 804 42 366 626 883 323 685 221 26 604 828 350 150 667 845 587 523 969 713 387 789 869 188 410 247 134 554 314 571 498 176 98 999 777 297 956 279 918 117 939 438 80 740
961 643 582 363 304 102 345 444 784 163 744 266 808 383 666 687 46 990 129 525 226 34 288 847 329 887 907 834 510 714 153 769 952 430 575 73 499 558 735 13 934 256 100 198 218 479 879 617 419 640
701 61 461 921 83 803 161 985 381 422 521 29 212 222 309 691 50 108 611 374 951 451 888 8 768 135 795 729 659 975 497 594 295 856 578 416 756 838 360 278 197 158 259 876 637 338 519 679 919 560
621 704 681 281 823 144 483 925 545 842 325 27 988 651 384 47 243 588 524 865 109 427 132 172 791 72 672 270 235 469 893 573 771 356 813 415 734 977 954 216 514 14 916 99 380 760 200 318 619 460
321 601 562 981 783 922 647 706 682 121 162 382 862 147 809 106 368 522 947 967 489 214 91 669 228 590 407 832 724 250 852 37 770 752 294 557 275 513 194 359 915 56 15 476 456 898 79 319 639 440
301 441 782 563 64 662 344 143 22 543 650 708 942 843 964 208 87 748 864 465 505 245 993 373 629 290 833 492 331 908 531 236 728 272 111 814 137 394 431 931 195 778 897 59 597 700 17 618 179 420
721 702 642 542 802 903 623 364 401 4 764 445 104 603 486 786 149 326 307 567 90 215 131 269 171 995 508 248 870 232 973 835 532 675 470 392 39 894 192 357 697 955 758 933 595 434 857 78 60 300
561 703 361 343 625 904 924 446 826 324 547 785 28 125 989 213 607 766 504 846 168 526 386 868 52 950 312 408 725 972 891 189 674 495 96 273 696 754 472 815 239 296 254 432 75 115 160 18 599 660
141 303 63 622 481 761 365 546 242 723 164 349 127 655 448 608 668 33 692 992 928 568 949 848 328 790 53 95 231 292 892 909 974 413 753 471 512 534 112 816 837 11 277 874 596 199 437 400 719 220

