15 15 225
15 10 86 15 60 5 10 14 59 11 65 4 94 8 71 9 25 1 98 6 49 2 43 3 8 13 90 7 21 12 73
15 11 68 9 28 12 38 15 36 4 93 14 35 10 37 8 28 5 62 3 86 7 65 2 11 6 20 13 82 1 23
15 8 33 1 67 7 96 6 91 15 83 14 81 3 60 12 88 5 20 13 62 2 22 10 79 4 38 11 40 9 82
15 10 13 12 14 15 73 1 88 2 24 9 16 6 78 11 70 13 53 5 68 14 73 4 90 7 58 8 7 3 4
15 12 93 5 52 14 63 4 13 9 19 2 41 11 71 13 59 3 19 15 60 7 85 8 99 1 73 10 95 6 19
15 6 62 3 60 2 93 11 16 1 10 5 72 9 88 15 69 7 58 4 41 10 46 8 63 12 76 13 83 14 62
15 6 50 11 68 14 90 1 34 10 44 9 5 2 8 12 25 15 70 8 53 13 78 3 92 7 62 5 85 4 70
15 13 60 1 64 10 92 4 44 14 63 7 91 6 21 8 1 3 96 15 19 12 59 9 12 11 41 2 11 5 94
15 12 93 11 46 6 51 14 37 2 91 10 90 9 63 8 40 4 68 7 13 1 16 3 83 15 49 13 24 5 23
15 3 5 15 35 4 21 11 14 7 66 2 3 1 6 14 98 12 63 5 64 6 76 9 94 8 17 13 62 10 37
15 12 35 15 42 14 62 6 68 5 73 10 27 2 52 7 39 13 41 1 25 3 9 9 34 11 50 4 41 8 98
15 13 23 4 32 11 35 9 10 5 29 8 68 14 20 12 8 15 58 2 62 3 39 1 32 6 8 7 33 10 91
15 9 28 14 31 6 3 1 28 12 66 10 59 5 24 13 45 2 81 11 8 7 44 3 42 8 2 15 23 4 53
15 3 11 6 93 5 27 4 59 10 62 2 23 12 23 14 7 8 77 7 64 11 60 15 97 1 36 9 53 13 72
15 2 36 11 98 5 38 3 24 1 84 8 47 7 72 10 1 12 91 13 85 6 68 15 42 4 20 14 30 9 30

insa:
1404
32 107 94 80 215 49 142 184 9 160 177 131 208 73 30
211 78 97 125 141 66 50 157 201 175 189 11 41 27 119
196 136 77 214 69 37 114 176 161 102 12 25 192 132 60
167 20 138 109 199 64 6 85 129 164 223 57 43 195 105
62 3 198 213 81 170 155 24 187 145 39 55 104 120 135
91 76 197 34 123 154 183 52 112 146 10 178 221 28 75
33 140 111 217 158 84 205 71 130 179 191 103 26 14 58
31 216 100 23 171 7 113 204 128 148 87 72 193 165 59
17 96 169 181 65 82 51 127 8 147 162 117 209 225 45
46 1 108 95 22 200 156 126 186 218 86 180 42 74 150
16 92 212 122 79 168 139 5 67 53 206 190 163 118 44
151 47 61 18 121 98 185 144 202 173 219 38 88 116 15
106 166 101 68 159 188 54 220 40 149 13 89 29 134 210
153 93 4 63 21 124 110 182 143 36 172 203 56 224 90
152 48 2 19 137 35 99 83 174 70 115 207 222 194 133

