30 20 600
20 6 59 14 72 4 92 16 35 20 17 10 48 11 57 7 18 13 55 5 51 3 8 15 68 9 90 8 39 17 79 12 40 1 66 18 55 19 62 2 66
20 14 42 3 60 16 52 13 14 5 83 10 95 4 36 8 28 6 4 1 31 9 14 15 23 7 71 20 95 2 69 11 17 19 13 18 23 17 78 12 51
20 9 93 6 12 3 34 19 32 18 59 15 73 1 46 5 25 12 82 4 90 17 70 8 27 7 82 2 85 13 40 16 35 11 61 20 92 14 98 10 53
20 14 31 9 95 1 36 12 61 4 92 15 24 8 70 5 15 19 76 7 50 20 18 6 30 3 93 10 62 11 83 16 16 18 75 2 29 13 35 17 31
20 9 27 7 10 3 93 14 26 17 64 12 70 16 16 13 48 10 46 5 37 20 89 18 83 6 71 4 72 8 45 2 73 11 97 19 12 15 57 1 62
20 2 9 14 16 11 75 1 21 3 49 13 97 20 5 6 20 18 26 17 50 19 26 5 20 16 8 9 96 8 50 7 84 15 7 12 52 4 73 10 43
20 3 20 4 76 17 3 18 45 11 53 16 6 14 83 13 77 10 21 20 52 9 32 1 27 19 93 12 81 15 78 2 6 6 93 8 60 5 12 7 35
20 13 41 11 59 18 37 5 89 4 87 12 32 3 98 20 24 9 30 10 84 14 49 15 84 8 44 19 16 16 43 7 65 17 44 2 83 6 71 1 71
20 11 46 15 36 4 60 1 59 8 53 18 58 20 8 3 33 12 70 17 93 7 38 5 5 19 75 2 23 14 98 6 90 13 18 16 62 9 4 10 56
20 1 27 3 31 4 45 10 57 9 79 13 14 17 82 14 96 5 4 11 17 7 46 20 3 16 7 2 42 6 24 18 86 8 67 15 79 19 43 12 17
20 2 72 5 54 1 51 11 87 16 52 12 4 17 35 10 62 20 15 14 45 15 84 9 65 7 85 18 49 19 98 13 5 3 81 8 8 4 72 6 33
20 7 31 6 86 10 46 11 3 1 63 3 58 4 81 13 7 12 54 8 39 14 46 9 92 20 96 15 57 17 40 5 49 18 57 2 86 19 20 16 91
20 14 35 20 5 12 43 6 84 3 77 16 20 15 84 5 70 4 79 7 52 11 92 2 34 13 39 19 30 10 65 8 11 17 88 18 32 9 80 1 2
20 11 59 4 36 5 72 10 46 18 48 9 72 1 76 20 48 3 69 12 62 13 30 2 48 19 7 16 89 6 37 17 49 7 30 15 52 14 1 8 56
20 5 18 15 35 9 61 16 23 12 46 10 12 11 38 2 59 18 50 17 75 6 60 19 57 7 63 14 89 20 71 13 52 8 83 4 86 3 81 1 98
20 5 33 10 14 19 19 20 84 4 69 18 59 16 2 17 83 6 12 9 21 12 73 15 83 1 26 3 94 2 65 13 98 7 83 11 45 14 40 8 89
20 18 63 11 72 14 80 20 2 1 94 13 11 15 25 19 10 3 90 6 73 12 20 17 92 8 11 5 85 9 63 2 97 16 38 7 13 10 42 4 59
20 20 95 14 4 10 95 4 6 7 67 18 30 8 88 17 26 6 57 15 61 16 9 19 35 1 23 3 47 2 46 13 96 9 19 12 54 11 75 5 11
20 10 64 12 79 18 87 14 91 4 2 2 61 11 31 17 85 1 53 6 77 8 25 7 94 5 43 3 13 19 40 16 59 15 3 20 80 9 7 13 98
20 18 56 9 12 14 74 8 42 5 98 1 75 7 18 10 98 17 20 19 72 12 34 6 74 11 10 13 98 3 12 20 95 16 33 15 69 4 93 2 81
20 18 73 3 38 8 25 17 92 7 38 13 91 15 95 10 2 4 79 19 41 1 3 5 99 6 83 9 18 2 12 20 71 11 4 12 66 16 20 14 53
20 1 61 8 24 17 24 13 22 4 85 7 56 20 98 3 5 11 29 10 73 19 27 9 99 14 4 6 99 12 63 5 25 16 61 2 51 18 84 15 30
20 11 5 19 17 5 40 6 88 13 30 7 3 10 1 2 96 12 9 14 94 9 69 8 72 18 90 1 14 3 41 15 50 20 69 16 38 17 12 4 1
20 15 55 1 19 6 61 12 61 10 97 20 76 11 38 16 69 3 24 4 62 5 24 19 94 18 3 14 5 13 84 8 43 7 73 2 76 17 47 9 91
20 12 85 7 98 19 68 15 57 17 63 1 58 18 74 11 52 10 59 3 47 8 73 5 79 20 48 6 38 9 88 2 85 13 4 16 44 14 37 4 75
20 19 44 14 32 11 38 13 93 2 40 10 56 1 80 8 90 3 74 6 82 17 59 7 91 18 40 9 26 15 74 4 7 5 49 12 88 20 60 16 35
20 15 75 3 73 20 13 11 4 12 77 17 5 10 57 8 98 16 60 2 99 6 12 14 14 5 25 9 86 19 13 1 93 4 41 13 1 7 53 18 54
20 1 33 19 75 9 97 10 31 13 84 18 49 17 51 20 30 16 62 12 67 3 84 14 45 4 48 11 62 6 64 8 87 7 14 5 76 2 42 15 71
20 19 74 12 98 10 11 15 96 5 39 1 31 17 54 4 49 9 51 7 40 14 21 16 19 8 44 3 76 11 64 13 43 20 9 18 30 6 66 2 17
20 17 31 4 77 10 92 7 27 3 71 19 82 12 36 2 33 5 48 1 91 6 49 8 39 13 91 16 47 9 74 15 17 14 62 20 28 11 91 18 58

insa:
2539
181 541 421 203 462 164 63 225 325 386 507 47 486 267 104 411 566 30 590 132 313 369 353 17 454 100 536 300 160 260
201 505 101 288 448 366 588 194 530 96 272 54 315 336 136 174 415 252 355 35 158 478 496 78 559 438 238 580 20 400
121 182 83 43 402 22 522 226 168 428 245 585 147 329 105 11 509 469 269 551 490 314 395 73 354 374 574 299 217 455
122 183 163 582 425 262 344 305 3 145 227 365 65 50 409 27 94 470 249 553 568 298 516 399 537 340 219 119 460 500
281 301 202 144 385 263 443 48 90 25 565 189 589 68 10 248 412 334 471 112 172 533 236 492 373 517 436 558 139 360
1 222 42 463 444 244 291 309 93 330 29 392 108 510 591 531 349 72 195 370 413 555 494 434 275 176 137 159 579 220
221 82 482 405 426 446 345 387 584 8 293 191 171 70 33 53 250 213 512 570 156 372 477 116 557 277 338 539 317 140
422 384 403 165 508 347 230 528 67 28 52 95 333 592 153 14 491 297 452 371 476 573 115 556 256 280 218 197 138 320
81 41 382 283 62 185 543 266 310 451 149 232 212 31 432 131 13 335 114 569 514 414 595 534 495 357 179 259 379 480
361 302 343 223 184 286 506 583 264 544 563 465 447 89 208 388 527 6 408 430 26 129 150 489 74 255 339 60 180 120
161 142 503 322 204 261 224 287 441 524 125 429 467 367 7 103 190 488 393 554 251 97 57 75 575 417 36 599 318 359
481 362 285 464 86 243 562 206 64 525 146 449 49 229 169 587 311 391 331 550 270 134 16 435 418 518 118 358 40 200
141 504 424 186 88 24 326 445 406 228 545 9 128 106 271 296 394 593 475 55 253 316 356 216 576 538 177 497 79 380
61 502 342 241 383 84 21 323 2 102 364 127 450 188 210 231 294 151 532 552 433 474 571 175 597 279 59 499 319 420
162 282 461 521 484 46 327 564 407 66 247 211 12 32 312 152 234 350 135 398 99 515 596 117 278 377 456 198 440 560
284 205 87 23 126 4 307 246 549 529 468 193 113 351 155 594 572 397 274 56 337 76 376 437 178 498 419 458 240 520
581 123 423 85 404 207 485 187 290 526 308 348 389 547 368 170 51 332 110 511 567 235 15 157 276 257 39 479 80 459
381 321 143 401 124 363 45 289 166 346 306 265 546 487 92 109 237 513 473 453 214 18 196 77 38 578 258 540 439 600
501 561 303 44 483 542 442 328 586 292 390 431 410 69 111 133 472 154 352 173 273 98 254 535 375 215 37 19 239 199
341 242 304 324 523 167 427 5 466 91 209 148 548 268 192 130 107 295 233 71 396 34 493 416 598 58 577 378 457 519

