30 20 600
20 7 59 6 77 16 73 9 46 14 99 3 7 11 11 18 75 12 27 1 22 10 33 2 70 20 9 5 17 17 33 4 17 13 40 8 75 19 15 15 80
20 3 16 14 25 12 8 5 41 19 48 13 88 17 38 18 61 20 27 15 78 6 84 4 7 2 16 8 90 10 66 7 41 16 3 1 47 9 33 11 57
20 19 87 17 14 15 49 14 90 1 87 8 29 2 47 20 68 4 12 13 68 16 66 7 58 6 67 3 89 9 32 10 89 5 2 11 63 18 70 12 77
20 10 10 11 74 6 56 15 88 19 77 3 79 9 69 12 42 13 12 4 76 5 78 2 74 7 1 20 16 14 34 8 60 1 66 17 71 16 77 18 84
20 9 95 4 24 8 86 10 61 6 67 2 4 18 27 5 8 15 13 16 12 14 43 13 64 17 6 11 50 12 36 1 46 20 71 7 81 3 42 19 4
20 7 82 9 99 10 34 3 4 14 89 15 84 2 77 4 51 16 12 20 72 5 37 1 4 19 18 11 91 13 99 18 16 6 6 17 4 12 77 8 97
20 17 37 8 44 13 81 3 72 14 13 7 66 6 52 9 68 4 4 19 14 10 31 16 91 18 71 12 86 15 4 1 55 20 7 11 8 2 89 5 80
20 10 34 6 32 3 55 9 66 11 18 14 76 5 32 2 28 12 7 18 75 20 77 4 24 15 91 17 4 1 72 8 84 16 50 19 45 13 25 7 6
20 17 6 5 97 16 68 2 22 12 82 9 74 4 12 7 80 10 79 18 15 1 48 19 91 11 51 3 19 13 74 14 48 20 68 6 43 15 13 8 31
20 4 82 15 19 16 80 18 13 9 35 11 98 7 68 20 12 1 1 19 15 10 58 2 94 17 54 6 74 5 9 14 50 12 82 13 68 8 23 3 76
20 3 79 16 20 5 74 17 43 8 88 9 99 2 46 7 75 19 67 20 81 11 94 15 6 6 60 4 93 18 88 14 39 1 32 12 88 13 80 10 30
20 14 74 12 53 6 31 10 1 18 19 7 18 8 38 17 79 1 46 9 74 16 82 11 84 19 27 2 46 3 11 20 37 5 97 4 88 15 25 13 51
20 17 59 8 59 14 55 13 20 3 92 20 1 11 31 15 61 16 87 18 10 6 40 2 35 5 15 12 86 1 20 19 43 4 39 10 9 7 38 9 28
20 3 26 1 2 20 81 9 64 19 9 11 47 18 28 4 78 14 64 7 77 15 16 17 69 13 50 8 81 5 31 2 87 12 42 16 23 6 46 10 45
20 6 61 2 7 15 75 10 72 9 83 4 8 12 63 11 27 1 81 8 76 14 57 13 7 3 88 17 62 20 5 18 32 5 25 16 53 19 43 7 75
20 18 12 17 48 5 71 1 54 16 49 6 47 4 37 15 72 13 39 3 77 11 94 19 82 9 49 7 42 2 87 20 2 12 10 14 58 10 81 8 41
20 11 84 5 36 4 98 2 10 18 22 1 53 6 51 9 95 8 62 13 82 20 48 14 10 16 29 10 68 15 60 3 5 17 41 12 15 7 84 19 45
20 4 9 17 40 16 20 6 39 14 83 12 28 20 94 13 68 9 19 7 25 19 13 8 63 18 69 11 17 1 74 2 95 15 91 3 89 5 16 10 35
20 15 69 1 80 12 20 6 99 5 23 13 8 19 43 9 34 11 35 14 83 17 41 8 5 7 86 2 16 4 29 10 92 16 44 18 54 3 21 20 81
20 8 82 5 97 12 5 3 36 16 40 15 58 6 8 20 59 17 78 2 18 10 32 14 34 4 66 9 25 11 10 13 36 1 88 7 50 18 82 19 35
20 9 74 7 42 11 86 16 22 6 39 4 45 19 26 2 63 18 65 10 70 20 33 5 39 17 74 14 75 1 8 8 26 12 25 15 13 3 72 13 98
20 11 25 18 46 7 61 9 74 8 40 20 25 3 42 1 5 4 2 6 65 5 1 2 77 15 13 17 42 10 31 19 45 13 7 12 20 16 95 14 75
20 8 50 1 78 15 72 10 53 2 67 7 46 12 95 11 29 3 3 18 31 16 8 6 26 20 60 9 52 19 35 13 57 5 57 14 91 17 91 4 35
20 19 26 16 80 17 71 11 64 13 57 7 43 3 72 2 99 18 87 6 81 14 15 5 23 8 73 9 7 10 70 20 98 12 66 4 47 1 10 15 73
20 1 20 7 55 13 87 5 10 9 16 2 59 6 91 18 82 16 53 3 67 8 60 10 34 12 78 14 66 17 98 4 39 11 14 19 65 15 52 20 54
20 19 3 10 26 7 8 5 42 12 70 20 17 9 56 11 31 4 29 1 88 14 60 16 81 13 23 3 23 17 43 6 29 18 74 8 29 2 30 15 63
20 6 67 11 66 2 88 15 78 12 79 19 37 17 6 8 35 10 61 14 3 18 67 16 51 3 64 13 69 7 65 4 90 9 95 5 11 1 28 20 50
20 6 54 7 52 9 16 4 39 16 56 20 51 5 49 3 70 17 59 15 66 14 57 11 74 2 86 8 83 19 82 10 65 1 40 12 89 13 53 18 3
20 19 68 9 44 2 62 15 25 5 69 7 48 16 68 11 70 8 61 14 51 18 74 6 24 12 54 17 69 4 69 13 33 3 61 1 18 10 36 20 78
20 7 7 14 26 6 79 9 65 3 16 19 3 18 71 20 62 15 42 11 44 8 73 16 79 1 9 10 61 12 63 5 12 2 47 4 67 17 34 13 5

insa:
2413
262 481 362 442 304 45 326 229 189 289 428 255 510 112 96 355 557 171 10 415 593 397 155 217 77 136 578 479 539 38
282 563 523 486 47 324 445 164 468 408 207 86 107 252 553 390 192 148 72 432 374 33 356 234 12 315 276 519 597 139
21 261 201 143 124 245 585 548 467 104 384 66 310 490 449 6 427 293 54 533 514 235 174 419 379 577 336 358 99 200
341 181 544 82 323 307 268 406 286 129 49 108 70 167 429 509 393 32 152 257 375 214 496 575 16 536 478 238 598 460
504 24 303 203 565 484 322 547 162 365 382 147 88 253 412 71 472 111 431 195 457 297 14 275 237 57 596 538 359 140
541 142 281 344 521 63 583 223 2 306 364 405 487 127 327 85 387 251 470 452 430 53 31 572 194 213 516 117 279 178
1 542 503 581 482 101 402 566 226 350 466 423 126 446 187 208 52 168 270 373 73 259 314 398 535 98 36 339 160 300
441 122 242 381 227 46 205 352 83 591 569 290 425 528 554 491 372 473 329 416 76 274 34 199 518 156 18 120 180 320
401 543 562 81 264 185 584 485 144 349 102 4 285 368 206 128 424 67 166 507 230 454 394 474 328 313 55 260 537 39
141 502 61 224 284 444 103 84 131 191 410 391 529 492 169 556 475 258 435 11 376 594 56 334 35 579 360 319 220 280
421 62 522 321 464 247 266 403 145 186 369 590 288 568 552 448 311 7 508 94 354 395 211 232 114 173 497 58 138 40
23 222 346 363 505 165 383 287 525 447 68 254 149 134 95 493 573 9 558 438 197 417 317 595 477 218 277 119 338 60
123 244 483 348 465 26 366 309 50 69 292 92 396 456 273 513 330 437 534 115 198 576 17 175 420 219 600 159 559 240
221 22 582 345 243 44 125 105 551 269 146 5 370 291 91 392 570 471 530 511 414 494 196 75 332 216 458 176 318 440
361 182 283 564 43 64 443 524 248 308 550 589 106 386 89 30 271 433 212 153 135 357 418 499 335 520 239 480 179 20
343 462 202 545 183 305 3 567 404 163 249 385 489 132 109 51 90 451 231 532 512 592 333 377 298 439 79 278 157 37
342 121 241 302 42 463 161 204 549 27 228 389 527 371 193 93 413 294 272 434 574 154 495 515 15 78 118 337 459 599
301 184 225 422 587 267 325 488 250 28 353 87 409 469 450 133 150 531 571 170 8 296 215 517 378 116 59 399 80 560
501 461 561 41 265 25 586 65 351 367 407 190 130 209 526 312 555 455 256 113 233 436 172 498 299 19 158 100 400 340
263 347 546 246 506 588 48 188 29 388 210 426 411 110 453 151 74 295 97 476 331 13 316 236 500 380 137 177 540 580

