30 20 600
20 5 11 11 45 13 34 6 61 4 8 9 97 20 59 16 72 7 82 1 57 12 87 14 61 2 90 17 4 18 17 19 69 3 95 15 15 8 97 10 93
20 7 57 2 64 3 15 14 19 12 14 4 54 13 71 15 29 11 17 20 43 8 81 19 87 17 65 18 62 16 80 6 75 1 19 5 48 10 33 9 68
20 18 71 16 1 9 90 17 81 2 84 11 19 14 75 15 83 7 25 13 69 1 1 10 80 6 35 19 76 3 37 5 23 4 13 20 4 12 81 8 20
20 8 16 2 91 3 22 18 28 17 89 9 99 10 69 5 22 16 85 15 25 7 60 19 33 14 17 4 6 1 94 12 56 20 8 13 77 6 54 11 82
20 11 3 2 51 8 43 4 21 18 66 1 71 3 17 19 98 13 73 17 76 7 93 14 88 12 61 9 79 16 9 20 18 10 31 15 80 6 4 5 32
20 5 44 9 97 4 7 10 54 13 12 3 68 7 26 19 42 6 19 20 92 2 57 12 71 18 67 1 2 14 49 17 40 15 51 8 27 16 35 11 22
20 18 5 5 55 14 2 20 6 16 65 4 42 3 19 2 64 8 51 17 4 9 13 11 46 13 52 7 38 12 15 10 87 15 74 19 64 6 80 1 91
20 11 92 2 39 1 24 18 71 19 12 8 37 17 64 7 17 16 95 13 52 3 9 12 3 5 87 9 46 15 71 6 29 20 22 14 62 4 43 10 51
20 18 78 1 91 10 26 8 81 5 43 3 43 6 93 19 35 12 36 13 74 15 18 14 30 20 15 4 64 9 90 11 75 2 37 16 35 7 39 17 87
20 12 14 2 21 10 74 17 30 13 62 4 70 7 87 14 29 11 86 15 88 9 24 20 54 5 11 19 15 1 21 6 29 18 57 16 75 3 57 8 43
20 20 40 19 34 15 46 11 97 14 67 6 59 4 65 12 47 9 20 8 22 17 15 1 66 7 20 5 40 3 72 13 73 10 50 16 4 18 88 2 44
20 6 33 19 9 7 84 10 70 18 56 13 60 4 16 15 84 16 13 1 47 20 65 5 76 3 51 2 34 11 53 9 63 17 14 12 84 14 78 8 92
20 3 67 1 18 6 66 19 37 20 65 10 92 8 30 11 57 12 1 5 16 9 89 16 36 18 30 2 49 15 7 7 73 13 20 14 26 17 29 4 42
20 11 99 13 72 5 22 9 79 14 60 18 28 3 59 20 95 16 84 17 49 4 86 1 37 7 10 6 68 2 70 12 20 19 71 15 23 8 71 10 51
20 2 39 17 88 20 82 1 41 18 99 16 45 3 11 10 48 4 2 7 8 11 88 19 95 8 64 15 7 14 62 9 19 13 61 12 60 5 45 6 32
20 3 81 15 18 10 77 17 33 4 17 1 9 5 5 13 76 14 75 20 65 18 11 16 69 9 17 19 66 12 36 8 23 7 75 2 64 6 14 11 42
20 18 47 9 51 20 60 8 94 5 15 19 13 13 8 14 16 4 61 12 72 7 69 10 17 2 44 6 84 11 97 16 93 1 91 15 60 3 99 17 57
20 14 28 3 70 7 42 15 96 19 14 8 81 9 57 1 16 17 45 2 44 4 40 11 11 20 70 5 97 13 20 12 80 6 24 16 27 18 55 10 13
20 16 92 20 4 12 31 1 76 5 91 11 66 8 59 2 97 9 15 7 27 10 15 19 62 15 82 14 94 4 55 13 52 3 77 6 39 17 38 18 53
20 18 17 9 99 5 47 11 82 13 14 1 2 12 82 10 69 8 6 17 89 19 66 20 39 2 9 14 90 4 91 7 63 3 13 15 34 16 36 6 81
20 9 99 2 68 12 56 20 70 17 72 6 77 18 51 8 64 3 66 16 57 13 74 1 9 10 72 4 94 14 63 7 21 5 39 11 23 15 80 19 8
20 17 67 14 22 1 59 2 37 11 6 16 64 15 17 9 50 18 45 19 30 20 7 3 78 5 72 13 36 8 23 7 94 10 25 12 74 4 6 6 97
20 8 42 7 90 5 28 18 19 16 7 15 97 20 82 9 41 11 69 1 47 4 76 13 88 17 11 6 68 14 70 10 31 19 8 3 81 2 3 12 84
20 10 62 2 34 5 98 12 65 18 12 17 66 13 32 15 60 7 12 3 85 16 73 6 55 11 97 1 24 9 9 14 26 19 92 4 3 8 41 20 83
20 13 12 4 93 15 74 11 20 1 33 5 89 12 41 6 96 16 4 10 99 3 47 7 23 9 12 14 91 19 25 18 83 2 34 17 83 8 70 20 27
20 14 99 9 50 5 17 7 9 4 72 8 91 20 37 3 39 6 72 10 31 19 72 12 97 11 40 17 43 1 96 2 51 15 29 13 21 18 18 16 50
20 11 55 1 41 2 4 14 75 13 86 12 59 6 44 9 73 20 66 3 70 4 79 8 85 5 51 7 5 18 35 10 17 16 30 17 35 15 34 19 91
20 17 97 20 32 14 41 4 33 16 23 2 39 9 74 15 49 13 69 3 28 6 55 18 60 1 61 10 84 12 2 11 84 19 17 5 73 7 26 8 91
20 12 21 5 51 9 99 14 79 6 21 4 48 19 44 2 67 18 48 15 96 13 19 10 39 7 56 20 76 11 16 3 40 1 69 8 93 16 15 17 52
20 17 45 12 22 15 89 9 42 20 43 6 99 18 91 13 34 4 43 16 68 14 76 19 55 10 1 7 73 2 56 1 89 8 13 11 99 5 82 3 72

insa:
2332
522 162 242 364 86 143 306 423 386 485 284 450 10 348 230 553 212 195 596 412 51 337 272 474 577 75 114 515 37 140
281 182 82 462 523 402 546 142 62 424 22 128 333 368 45 350 568 595 13 393 234 111 254 177 497 275 318 516 459 220
301 241 342 127 87 63 166 23 550 267 508 432 409 470 151 491 106 287 530 233 215 17 576 458 199 377 55 397 339 600
482 84 544 126 186 305 5 329 505 26 589 227 451 566 207 103 351 174 289 531 271 375 439 74 395 414 478 159 57 260
1 122 463 263 443 383 325 562 365 307 503 165 486 101 433 250 193 153 232 68 214 354 558 533 599 56 100 38 417 299
221 4 243 586 406 167 551 488 565 206 334 527 454 509 196 109 472 156 53 357 274 440 36 99 319 139 378 79 300 400
223 442 343 21 187 504 331 148 469 9 91 370 594 492 107 213 436 134 290 49 573 559 71 317 273 256 534 179 396 416
441 83 61 324 164 146 506 346 367 408 247 389 31 210 129 435 597 316 532 560 293 19 200 578 479 499 279 118 240 60
401 322 382 584 264 502 547 6 448 428 563 43 347 369 102 191 209 66 131 528 313 154 251 493 175 475 236 94 296 40
461 183 303 163 224 332 246 388 371 490 593 104 554 67 510 456 288 572 136 437 413 52 97 217 536 160 20 39 360 280
81 521 261 2 141 484 384 425 204 366 449 189 29 248 46 335 352 132 556 291 473 575 235 513 176 598 320 418 80 120
181 582 561 363 403 464 330 387 25 487 169 526 11 208 249 152 555 93 135 315 512 438 356 112 76 276 238 298 460 59
481 262 3 185 525 327 385 308 467 549 588 89 226 27 170 452 150 105 434 133 571 411 50 355 216 257 376 297 78 518
123 341 524 543 501 422 328 265 188 309 24 205 564 591 92 12 47 455 172 394 374 494 73 476 258 158 295 115 415 239
583 302 203 483 446 344 548 427 468 228 28 190 171 373 570 48 70 137 155 255 18 338 294 98 398 278 517 117 539 419
361 125 545 445 42 426 8 590 149 489 229 286 312 410 269 471 69 336 252 35 198 95 178 358 218 537 579 399 119 520
581 541 184 282 421 304 405 466 147 65 90 44 349 390 453 211 130 270 14 33 514 237 259 498 180 116 538 379 580 340
121 381 321 161 85 444 41 465 144 266 587 64 225 429 407 552 285 311 569 15 197 34 253 496 113 535 219 359 519 380
222 202 326 145 88 345 244 168 430 567 592 372 391 194 32 108 314 557 511 16 292 457 72 495 138 54 477 277 540 420
201 124 362 542 323 585 404 283 447 7 507 245 431 310 268 30 231 192 353 529 173 392 110 574 157 96 77 58 480 500

