1000
1188 1830 1862
1466 32 1282
1522 274 1986
39 914 558
1368 1713 1669
867 1150 153
1307 446 897
1751 66 690
1373 1008 1915
1028 1648 700
1280 1105 772
1985 665 1436
1928 1810 889
257 1955 1973
827 1697 677
1340 783 196
1997 1700 1686
446 856 755
988 65 1700
780 209 1651
606 242 1922
1703 320 302
58 1634 756
324 380 1340
853 1113 1364
1644 373 870
1406 661 1446
1869 309 856
541 1790 1217
1434 248 177
825 629 622
1645 877 636
62 562 1300
1664 1679 623
1496 1377 1359
174 1567 674
1807 1155 1126
260 766 987
435 279 534
1843 703 1422
1428 137 1168
1014 1766 188
1504 1928 406
1480 716 723
1543 1294 1973
618 1941 1053
355 1310 1995
1414 1869 1887
483 1250 61
1167 1675 1648
1530 1937 1166
977 243 503
1259 1439 1047
155 1139 1186
780 277 987
335 1962 1202
1128 791 1254
606 175 189
22 579 476
392 1009 1914
278 1240 1154
1233 1660 1190
1816 470 1487
300 1387 1241
165 270 1164
1178 1219 717
668 194 162
1548 1119 693
108 1185 237
65 557 436
28 521 1342
1795 79 866
1239 95 979
207 738 551
1583 281 1025
480 312 1680
1544 1123 1465
1857 1889 1765
490 202 1415
1922 680 1688
1177 1841 682
538 543 1951
1330 592 348
51 1250 1511
1606 1320 251
591 954 105
552 530 1690
1905 669 92
1262 1713 939
332 499 1331
1980 627 1242
927 280 1996
907 1941 162
1566 1598 1946
996 1169 1244
1557 376 1751
1671 391 1852
1301 1014 202
1058 995 954
98 1515 21
1758 585 1756
439 1567 706
323 1542 667
1260 439 1398
699 598 1491
1285 1941 339
1346 1247 285
1441 227 1898
1971 184 1812
599 1677 1460
1600 1623 866
527 808 1051
1953 104 228
1125 289 293
1478 1731 1685
1790 1581 825
1210 716 1281
1072 929 1429
1761 551 1894
1623 1540 561
1849 1328 1429
35 419 1931
458 866 98
94 1794 597
1641 1842 321
356 4 699
742 1408 481
1607 570 837
484 1961 235
1903 1695 452
666 1234 443
1161 2 299
800 1144 1821
665 1461 774
248 1670 438
249 1435 369
326 663 215
491 1050 266
941 715 545
868 567 1807
245 1416 750
929 1395 893
1226 1948 1566
1536 1984 731
1575 1996 1783
916 1543 761
772 784 352
410 971 1004
1510 258 83
891 508 313
834 905 1271
707 1412 1503
1576 726 321
1110 90 1408
972 1770 1597
1454 1348 641
1639 1899 24
393 568 1059
1910 1254 1955
659 461 1636
1999 1155 346
114 1736 888
1034 1254 1677
1205 959 1459
99 276 1961
1466 459 929
373 267 839
235 154 932
1295 1241 348
497 668 687
1288 719 1741
425 435 728
1705 1032 47
1185 583 1816
1161 1086 218
1101 1267 1197
1433 1977 773
1947 285 1073
274 1857 1711
1141 1033 1185
182 127 1464
1053 1329 257
1040 1264 62
1472 1342 1036
1199 770 1390
836 830 676
1681 1707 431
1207 1093 1665
150 146 1496
982 446 1427
1327 1434 887
1352 1240 525
1792 644 393
51 79 1580
601 1792 1132
1445 155 33
545 895 444
1720 1194 1924
1651 1134 1375
562 1789 254
822 420 1591
807 1842 1610
1776 215 1451
224 463 166
995 1296 1138
912 326 162
1263 711 1458
1114 643 873
364 869 557
59 101 938
1983 1878 1705
855 106 1356
724 1789 708
764 118 3
1659 264 845
90 1696 387
1888 497 1567
688 438 1052
1172 1420 542
1864 1866 1551
323 497 1352
826 1366 1047
1440 446 1830
575 324 88
1073 498 1562
985 1494 814
818 697 356
720 101 1666
720 782 1980
514 783 285
1693 420 331
260 1346 1590
1363 233 923
1776 1501 340
461 1087 447
717 1551 1232
612 792 261
1130 988 1291
1733 304 68
441 1127 670
1701 908 1465
1060 948 343
1508 1190 540
692 1676 185
861 1702 1501
1472 1618 1939
611 1037 1553
1089 1184 390
582 1864 1833
1959 1741 975
992 1074 314
1099 709 94
230 891 203
1824 1045 244
1988 168 794
570 1459 1976
1699 1275 720
243 498 1111
1987 983 1481
1638 1804 15
81 1527 895
885 1552 337
242 1176 1644
598 833 671
1314 32 1735
26 1821 1202
344 1332 976
1529 5 1785
290 444 1177
137 206 1769
495 1336 1799
915 56 1852
44 1548 1011
1534 1459 1721
135 1529 349
522 982 1549
1432 452 1521
1858 660 102
1853 498 1364
72 37 1623
678 1826 1653
1469 1931 805
747 1060 1220
810 1248 1548
853 1606 157
730 504 1515
1361 1139 450
313 532 139
840 679 194
1843 1856 891
193 213 1904
904 141 1735
1714 1831 134
621 127 658
1168 281 1200
1483 537 750
1810 38 1262
1941 677 421
1519 1137 1439
1356 1366 1494
1625 720 154
1066 1240 1169
1642 1189 24
511 1020 821
1018 804 1192
545 976 1193
82 415 1470
1998 758 1976
117 579 1804
1900 60 145
1234 1595 1787
1294 742 195
956 211 400
590 13 1087
663 1863 1235
1610 1030 1046
352 1760 566
386 1367 1331
1530 1651 641
543 97 1382
682 1989 962
1768 1563 800
22 151 1429
44 117 549
1241 1092 1020
1978 1665 152
1732 1362 1483
668 1011 539
332 943 1436
587 875 143
131 194 1835
824 680 1794
1041 418 182
2 173 62
739 957 587
1247 488 395
1130 1611 1621
94 162 694
1235 81 922
333 1173 402
540 1642 1985
1484 1854 104
1583 972 1362
1798 1505 1932
0 1950 634
1475 308 1628
221 148 579
1338 1916 1599
1345 422 1587
1656 128 1826
137 701 327
659 275 1763
453 1284 447
912 37 1885
1374 405 1604
1725 1969 440
1581 495 1960
1741 1500 1252
1444 600 529
1992 979 184
1176 614 473
1538 374 1961
1771 1748 1074
394 111 1713
913 1507 1288
118 275 1237
982 1979 997
1789 182 1355
618 848 1810
114 1592 680
1497 684 1800
1360 390 1576
1060 1660 47
1393 252 1549
1477 613 98
1507 542 358
1592 982 1065
19 1619 1627
1070 681 1071
1672 1595 1340
1530 1089 30
1496 1745 883
997 268 415
294 1928 1311
957 1778 292
663 850 915
162 1170 90
1427 986 1613
867 594 888
430 688 307
1635 1869 318
711 1210 415
1387 1550 1203
120 1809 1424
112 671 1117
1841 1046 1736
299 209 410
1460 1653 1422
863 372 155
1703 1154 1813
982 1215 1712
394 1754 1311
1168 1459 1198
1230 1235 483
603 1021 677
7 1088 575
1814 144 1602
1217 1865 295
1253 442 133
615 99 831
1342 207 314
100 1013 1229
582 1010 1071
1981 693 742
546 389 861
251 151 579
1002 1428 485
1437 559 567
574 1588 1429
56 1654 1514
459 549 552
730 1036 1272
1890 1122 1037
1739 1532 1444
96 1027 1171
1259 844 1305
1824 536 120
1376 1440 804
1506 239 599
1554 333 980
232 1743 1778
1986 934 656
931 1094 1789
1548 789 672
1069 1851 590
651 2000 783
185 1814 1479
298 182 530
1612 887 313
226 677 1228
1289 70 659
478 197 746
343 1937 461
1265 210 959
31 668 1934
246 1625 226
692 552 345
1697 826 1402
530 1577 1503
928 115 1434
136 1608 1193
708 1674 746
843 1670 1896
1592 1056 1137
1192 1834 1774
1616 1931 233
690 472 1086
1570 1463 406
233 558 325
37 86 421
1892 1785 780
671 536 1621
1420 1168 1451
906 164 519
1645 409 1835
722 1710 56
1134 606 1705
1824 1366 1843
1518 1743 105
602 834 1756
598 62 745
1271 1841 337
1062 51 1758
1772 1695 1372
1690 6 1987
1194 892 1871
216 776 578
1284 53 551
1241 1053 937
1888 1330 1820
845 217 1491
997 1840 452
1998 482 460
1582 1701 574
1 1192 290
1926 1709 80
1677 1943 302
639 1048 1431
654 1056 459
350 1286 1803
388 577 1193
516 658 402
1694 1438 1609
1194 345 754
909 1959 732
1650 1003 1620
771 1662 1826
637 1795 1926
858 1993 493
807 1687 1499
488 1813 45
1313 1319 751
1121 1492 278
877 1760 1371
746 782 1305
1092 1478 1215
1992 1728 581
1846 344 441
731 1982 318
1063 1370 537
994 1153 1057
550 1835 1134
1366 233 894
351 911 200
584 1725 1893
1987 1647 789
1400 157 1957
387 1309 1182
184 1959 948
1218 418 754
1057 291 497
441 934 515
368 1257 1267
1822 274 500
348 1839 1005
635 28 640
382 1761 1350
1845 778 541
1842 295 503
1162 629 1975
607 152 356
192 1994 555
1727 130 460
1253 1530 1114
708 495 182
1773 1562 1546
414 1470 985
1658 1995 577
1867 1481 1847
485 219 1465
772 309 974
358 546 762
768 1824 782
88 738 1156
1891 1449 934
858 1311 328
279 1818 1181
84 525 18
457 201 334
999 453 17
446 1092 1799
1604 1982 1133
1186 453 1401
1321 1635 1307
783 1118 245
1079 816 949
430 1972 1847
1927 1834 1450
1813 1566 67
316 1637 194
916 761 1312
1796 339 1801
1685 54 139
457 1947 1353
1783 121 223
1806 268 933
856 1636 257
1013 14 860
1570 1041 787
1924 597 436
1473 998 250
396 385 844
345 1870 1930
344 1068 731
646 1805 1486
1791 44 1567
969 1342 770
1228 1109 869
1170 1920 102
511 1504 615
1643 1491 1158
93 1901 37
193 467 984
1171 893 525
1476 1455 334
495 1230 1237
792 1536 1452
975 1019 1140
905 1572 896
1595 895 957
449 1436 628
1439 1615 1738
1356 446 32
1229 1944 615
987 1058 1981
1974 442 58
1394 283 1049
1089 1265 1355
1251 1686 381
584 689 668
227 750 1571
1722 815 865
481 98 1939
972 1030 1963
922 1399 1096
1107 778 106
240 1442 1078
876 1308 1573
869 634 1227
1730 456 635
939 945 617
815 246 1114
464 345 1086
1223 768 244
1779 667 1058
652 1104 1133
1111 1914 838
172 1846 1067
78 1877 1005
1845 1911 284
1167 1408 856
1667 708 1122
1454 204 488
697 613 380
1683 778 746
1598 53 602
783 791 1354
905 1518 242
1248 1500 127
733 818 1368
1524 224 1300
1879 590 1502
1913 821 1370
904 1236 216
1693 562 1819
1622 1633 773
762 579 203
200 1454 1548
1186 1942 1558
995 874 808
371 491 636
1819 1232 354
1479 1799 1261
652 1797 199
1260 1617 1040
493 1184 1594
1924 258 10
256 128 1569
1253 773 1342
155 778 1461
1670 1809 790
1579 1803 491
643 338 1247
846 1372 638
1987 798 1041
1578 241 728
19 1742 1012
300 935 1098
1637 1504 1793
948 1151 490
344 1202 264
782 335 415
345 1331 1155
1115 825 1867
916 888 244
1060 1368 404
186 68 1139
1047 51 524
948 962 1303
801 616 632
179 725 1816
909 139 605
944 427 872
1188 1868 1361
59 1792 1948
1034 1287 1631
628 1086 395
621 490 1267
847 179 976
1281 91 1034
1022 226 924
1632 1176 1191
254 1549 506
1383 349 496
1094 1634 539
202 1592 121
576 1307 1905
1920 1233 1294
1935 631 885
158 499 1377
279 1368 1286
614 1914 443
1195 819 126
1267 625 1614
1787 1589 1841
429 132 1703
797 265 1050
1475 1523 447
484 193 1265
1299 1943 705
1905 1045 778
700 1958 1874
765 1429 1758
454 1516 573
1800 1951 1901
300 1522 1980
1434 1301 1222
1060 978 167
652 33 1756
822 667 1025
1405 877 1613
1649 290 993
430 1862 590
765 493 1815
1751 296 1932
598 679 1378
684 165 159
1472 1408 1550
469 1949 627
719 1597 857
144 786 1339
535 1484 1476
215 100 1143
725 451 319
1493 802 646
707 1434 1759
1957 685 426
921 782 1085
1885 1207 413
1022 595 1846
1969 453 1463
1093 707 886
546 1093 113
926 1689 647
1246 1815 258
425 1642 1143
1559 1955 910
1153 1116 862
1417 141 817
790 818 548
869 1078 880
215 1900 1784
810 1874 880
1857 1223 229
1236 1128 1496
1708 834 1836
1985 1041 1300
461 885 782
1843 555 1467
915 197 1104
130 1215 216
349 1149 1550
375 1774 1987
1862 1538 1374
84 1447 1555
676 1585 1477
1588 1354 1832
463 814 764
106 604 968
677 479 1603
1673 1054 369
1239 1334 1282
43 1270 834
696 1035 630
995 1599 825
1676 248 1459
557 1932 538
1450 1571 966
1337 713 119
1866 298 43
1473 312 1497
1578 386 1648
1725 623 99
954 632 1940
651 1930 287
1624 1895 13
1728 728 25
1080 1408 1614
695 1762 78
865 1352 1752
156 1911 401
1594 635 1819
1215 418 1891
534 952 1615
1877 1095 1386
829 261 1693
934 651 747
1048 714 2000
1737 10 583
1331 396 130
1835 1609 6
1002 1276 99
421 1588 37
794 1631 623
608 861 1847
1864 1580 685
139 934 324
1692 1335 775
1554 1072 965
1109 1883 190
1477 735 1774
81 374 795
984 1501 1117
1491 1609 135
218 1974 1557
507 575 1880
844 1053 409
61 936 350
713 1256 497
787 1146 648
1058 552 269
1263 230 1263
1409 1973 1692
1072 79 1688
337 1861 602
1852 734 44
1182 106 1235
1395 948 580
1852 1301 1087
1084 11 1970
410 479 823
1817 646 369
1568 486 981
801 937 1321
911 1962 841
384 1682 1324
709 494 1053
1807 1435 356
328 310 607
547 564 1060
1281 1377 235
1963 1633 662
263 923 499
188 1932 1059
925 812 1552
504 952 1525
1250 521 1886
31 584 582
979 1816 1507
786 1960 1362
1084 1885 1970
1128 1685 1207
932 588 113
163 1468 1089
1704 1294 1372
1422 1772 1976
1689 184 1668
1534 711 901
492 1196 1966
1760 1908 121
364 1490 575
1491 1161 1638
182 1702 1669
1419 1071 357
235 330 467
1258 1161 519
1726 1047 596
982 1896 239
1587 1783 530
1007 1796 197
908 620 916
1533 1190 1183
559 859 104
1446 1493 396
1201 1071 1077
1415 980 912
95 1731 1773
597 1635 1136
1382 444 1415
1305 323 658
806 412 840
1772 1187 379
1801 1474 1307
840 1118 1463
506 590 1297
1792 1507 3
1318 1254 1348
91 321 475
464 1958 1545
137 124 723
200 918 1752
697 105 1910
790 1284 1421
1937 355 472
1956 1567 201
0 747 649
228 1125 571
710 1726 868
1796 1381 1254
947 1647 1234
1504 6 1959
141 11 688
781 66 1100
889 1216 144
906 769 862
323 391 1007
1292 1965 910
1728 1917 662
46 648 1687
1344 1809 1788
405 1789 480
130 1679 1943
637 1791 1151
459 26 1678
285 1797 209
1680 995 1610
119 898 88
417 1451 936
824 109 1329
1685 607 1321
323 1323 1569
636 137 1675
1068 55 1695
52 66 1223
1120 1886 538
1990 1819 487
544 1301 1906
298 844 1600
474 585 1050
1915 1552 1127
4 977 1656
1637 1971 489
301 234 1899
168 868 922
1506 203 47
1016 412 137
1840 43 1493
262 821 905
1659 1601 6
397 225 1766
1902 425 208
1768 837 1907
796 1721 1543
114 649 1355
417 253 1215
1384 632 1755
810 950 1526
1957 236 954
1289 1440 1440
139 1636 120
660 1884 1846
156 582 1550
220 982 1256
481 554 1790
1956 460 144
633 1358 433
514 499 571
31 633 1432
376 1338 293
835 1634 728
920 1418 1065
1678 566 322
533 1211 1231
400 233 280
1611 1812 446
1727 1206 376
1267 1997 1280
1567 1780 801
1116 163 732
302 1717 962
1281 570 270
1564 1119 571
1469 956 0
1360 1954 365
215 158 1968
1749 1124 60
140 208 391
1647 391 1860
544 20 1219
505 1090 184
332 714 1129
1618 994 316
1150 1876 1590
909 1654 746
619 612 1403
339 1586 280
83 613 224
1156 1301 1602
744 380 409
115 147 1592
204 1843 1937
1786 78 1716
1323 1857 24
709 1025 1488
485 1200 862
1844 1477 766
1827 1155 1089
313 688 1569
474 510 816
1951 1986 1300
644 1390 1470
1712 1494 1763
1780 1684 1267
273 1596 1183
1893 1141 629
1676 1449 842
705 1914 959
269 1404 1261
903 281 675
600 877 1151
