500
1333 1838 1760
281 403 288
1634 343 1843
73 1362 129
1214 1393 1464
382 458 185
90 1199 944
1071 274 10
1084 800 1674
461 1825 1033
1009 1283 1889
1660 1167 957
1608 1814 60
1524 1022 1801
1472 67 1988
691 918 1848
517 897 1638
884 102 1853
1562 1386 130
1384 661 405
1328 431 1848
1009 1036 214
676 608 1886
1550 661 1400
916 630 661
148 1400 937
1523 1586 419
461 585 1221
414 1999 1873
898 1317 940
126 254 1406
1198 614 1310
1010 1247 1344
430 1691 919
62 335 971
302 1588 1800
1993 27 316
1060 1807 1067
19 344 128
1477 678 714
1030 1984 889
1855 1133 23
198 19 1788
71 219 1798
339 396 1668
1423 1153 520
1681 836 1647
1376 445 1826
1269 504 88
1737 966 1594
1594 878 778
48 959 562
890 1885 1002
209 1041 1859
1571 1101 883
535 1791 272
1071 1990 393
527 1786 1242
698 160 669
1915 559 1432
1154 380 506
1061 1299 1528
1501 679 269
1503 1749 730
833 1872 1701
355 1038 1249
822 268 1426
815 1810 32
630 396 86
864 1522 1243
355 841 305
529 978 672
685 448 79
1630 868 92
1513 1582 982
538 934 1527
1362 977 1991
1778 1365 1640
291 1017 580
1394 1058 712
1423 1461 931
1595 76 930
504 927 990
1064 1583 1415
1466 890 1570
1228 1636 1118
490 1715 501
1281 1952 1812
934 322 1831
667 1313 285
1713 1815 1675
1185 1159 1903
1670 493 1978
419 1524 1161
222 1998 1697
1911 1377 886
1908 1006 1058
866 95 991
1177 858 1055
1907 674 677
271 1421 443
220 425 688
1617 26 480
644 578 1815
1029 857 339
1983 350 1563
1216 1937 1884
868 743 906
913 1072 689
115 1778 350
751 577 1508
1563 26 427
1944 878 454
751 976 214
1188 431 1153
490 1334 833
220 1229 1222
1890 153 436
133 1731 1689
701 902 710
938 709 1813
799 1918 1379
1451 878 1527
1527 924 1611
279 1056 987
1239 1501 1475
1592 1024 449
155 691 1466
333 1483 95
846 275 1640
9 585 228
1492 97 1688
653 1511 598
596 1158 206
1202 376 179
1030 352 933
1083 817 1986
1169 1691 755
1813 1098 286
1637 605 787
1384 909 1762
313 1790 1512
549 846 184
475 1072 982
276 1831 654
442 1611 1621
138 1106 707
347 464 1563
1182 700 1360
1289 1424 90
39 1794 980
272 47 521
193 1086 430
128 796 1455
1015 821 1397
1611 946 1395
111 33 483
1386 80 1780
1771 607 71
513 1586 1665
809 1589 761
791 1361 1842
1729 166 1889
137 657 332
1174 421 1176
1704 1732 969
723 832 806
24 108 1154
928 293 363
1837 1107 1190
118 1535 1410
1153 190 515
8 605 1624
1795 1468 1877
1574 1740 493
340 424 490
412 1259 1853
827 780 1204
905 173 42
564 445 1135
133 1964 34
1005 297 351
1623 1431 1322
93 1315 642
1985 1176 12
1386 382 1151
244 1223 377
1823 500 1275
375 1475 509
1656 1264 1101
1825 1879 24
1523 1225 261
1117 1942 1195
33 60 534
1921 711 1277
1915 415 645
307 1344 29
1331 325 1857
1916 177 1006
1271 583 1923
1745 1949 797
262 583 24
612 1378 962
290 394 840
1419 382 998
1403 1823 1416
1974 921 1433
121 880 407
345 1004 1642
1519 1976 1025
1032 546 590
880 328 724
534 1298 1309
1760 1621 385
1516 1068 1085
667 1924 1331
608 141 603
1775 70 1124
569 615 195
724 517 818
1154 1640 60
444 1185 11
1317 1270 201
1983 954 1048
608 1415 1250
703 1950 1628
925 74 1203
634 1437 1856
1379 1511 806
1449 251 1497
531 197 958
1592 803 204
742 124 595
410 994 1335
576 1481 623
1621 207 1579
1592 298 1963
1575 168 739
1453 1 893
212 1408 480
1190 205 1380
0 1478 1731
1554 642 1800
1921 1469 867
1336 1892 963
1584 1869 1021
831 1843 1745
82 1456 202
1568 1868 320
400 1188 1157
326 1258 680
1912 1973 1059
1556 1026 1789
1762 1931 482
809 160 749
1104 632 909
1233 131 83
436 571 941
1534 67 137
784 1016 854
179 422 1522
53 1353 65
1624 220 75
1230 1850 890
946 1193 356
1159 567 657
1504 182 1441
1302 897 294
835 513 1536
1557 954 1151
890 600 1456
1539 723 1873
1142 1242 600
1597 998 1366
32 610 366
181 17 1379
131 1295 17
1004 294 626
232 651 1765
773 600 1787
876 1446 528
105 675 1402
957 69 1819
581 294 1093
1466 832 1018
585 1850 379
1456 411 818
1174 1205 579
1629 947 1557
1593 216 844
142 494 1883
719 1046 856
1456 161 517
1705 1533 1650
2 1865 988
412 89 1354
709 862 170
1133 1988 735
1718 1742 1498
1966 776 158
395 1603 1303
1921 913 153
406 1474 853
1220 400 744
199 707 468
748 746 271
871 1997 1590
685 826 1026
442 847 604
406 1719 1734
452 300 568
222 789 1599
306 1485 1321
982 175 1364
115 1500 923
1641 1634 223
492 526 1412
23 1207 1916
579 1823 892
781 1821 1472
194 1633 388
1966 996 1569
289 170 1912
1494 1046 1906
413 1879 1565
817 1309 1694
1509 705 1607
1591 995 611
1260 1478 463
120 193 841
1206 662 913
1900 1741 1096
300 126 1231
1827 92 573
237 1762 1043
333 1633 1403
903 1073 723
563 1449 1016
1362 1677 1394
575 36 1241
1974 1250 1395
198 1636 1504
1526 199 1629
408 651 1186
1481 1421 388
1270 125 919
1081 1125 1592
287 1361 1134
504 4 547
1487 687 314
1762 1560 1240
1240 1260 1311
1127 1275 453
71 675 269
1924 1534 1529
837 1703 1823
983 159 171
1050 210 197
479 562 1504
1685 286 564
1175 1383 1835
1307 654 1947
968 863 1009
1757 1463 1207
763 1574 1923
272 887 1908
855 97 1611
645 1044 1813
1314 335 468
1947 365 803
1049 589 1105
383 1667 1524
1869 1937 697
1870 39 1981
1146 1685 8
1692 1863 20
514 639 996
21 630 1950
1620 69 1034
598 1309 1827
1494 680 905
1298 986 135
1109 1534 430
175 1821 726
1335 1620 208
1753 1427 866
1527 315 1653
316 344 101
851 1070 1341
294 250 1896
882 1802 1919
41 1953 1707
292 1639 381
649 552 98
1699 338 961
1541 1950 1297
407 780 1666
1249 1696 904
1355 815 1120
1941 1442 661
829 621 748
1199 1432 1096
428 1940 1641
1944 594 664
477 106 481
1407 481 1623
1326 1817 1298
1717 1613 476
948 1676 1308
1855 1365 1996
1588 1634 1020
1114 1016 869
1460 1011 1372
1969 1619 1837
1884 234 364
1887 1017 1431
994 1218 786
1290 1836 351
150 1704 1416
204 1308 62
533 118 1362
90 263 1273
77 1059 48
1880 1761 957
1199 1614 1177
893 1907 1628
1550 1980 888
1610 448 1986
483 1349 1530
1372 1886 117
1126 1965 1199
501 1653 1011
0 252 1589
165 240 1454
502 960 1897
284 1059 1576
1461 1062 1574
803 1462 1637
1629 1972 1873
390 1695 1674
58 570 643
1265 844 1997
1606 455 1260
221 1832 1563
398 346 1480
845 488 427
966 385 1855
1325 344 1510
1970 1817 21
289 1630 247
526 1900 238
1466 204 443
867 480 380
1816 546 326
1745 615 1703
1608 479 1511
380 1704 778
336 1024 1007
329 450 1531
1702 1596 774
1702 600 976
338 1910 1357
472 110 652
637 448 410
1482 377 1070
1958 782 300
163 1609 1571
333 1309 1953
1990 170 903
1048 1464 1192
1500 1974 678
1518 857 67
1970 1995 523
416 1474 141
1143 629 730
1288 735 306
798 1626 1166
1354 86 1232
18 380 1785
1464 335 486
1917 1884 610
1892 394 1779
1319 532 1732
1299 1969 1614
1878 1582 1064
1473 1784 1656
1767 135 1034
294 526 1532
171 40 1062
487 951 1225
1291 947 194
271 1499 673
98 1131 778
830 806 1365
1194 860 462
1976 1632 1295
203 8 1489
847 991 979
405 373 62
594 124 934
