100
32 1496 839
1028 1355 1917
1646 1095 1532
210 316 53
86 262 1661
819 1784 1297
1178 1010 1402
216 10 611
440 1733 1225
1228 987 1214
159 140 1715
1302 1456 984
101 316 756
945 61 126
1572 1663 278
940 1024 338
1771 22 1149
1372 276 1232
241 926 1725
1318 589 1261
1903 604 309
605 172 1135
190 748 846
1720 432 1968
798 1407 1003
1433 888 1202
895 1809 483
788 555 545
530 718 632
558 823 887
1426 1826 1649
436 408 786
800 1571 1665
1761 1474 446
588 135 216
1485 1747 67
398 418 722
1870 375 698
1059 492 1078
1646 984 1872
535 890 238
638 1195 557
1952 1245 45
765 458 1158
74 468 1468
737 810 665
1558 1870 775
649 309 492
568 1307 1073
852 477 1617
1664 990 1968
1214 1800 702
973 1347 1000
1083 1433 818
460 1570 1338
187 1081 64
1639 1118 783
892 887 1298
100 958 1929
375 1863 59
1160 428 1534
540 1699 551
1277 678 185
1022 1217 996
1902 1277 843
839 1406 1872
424 1089 1687
1288 69 298
213 1696 1374
1767 1469 942
1478 117 1404
1179 1952 1186
998 115 1199
1806 1390 1287
1864 75 1413
1754 997 1785
1187 578 1966
1109 1455 1332
915 1624 1477
151 95 455
50 1050 424
545 749 678
1943 1137 1331
994 407 899
598 1450 158
95 1035 1396
630 806 182
636 1856 190
1507 499 81
1207 375 380
40 259 299
1916 868 227
910 685 946
396 274 1070
1599 1833 685
981 1543 1497
1222 188 1512
599 1774 7
574 734 916
1110 605 1857
