5000
1423 1743 841
1132 1263 96
789 445 132
625 1540 354
1007 986 1453
793 646 1971
1387 421 1256
514 930 1558
844 837 811
1783 245 1282
446 1838 513
873 1184 746
496 56 345
1028 1325 427
295 1971 1285
1603 1157 760
1437 1020 855
76 556 942
1163 1722 1316
1027 761 695
1813 1016 420
1456 99 816
1330 1014 1214
32 280 1916
742 1334 1137
570 26 572
1432 1354 1789
456 1684 1133
1637 298 1779
1599 204 1395
1561 201 976
139 1585 1352
1981 1714 1947
1162 158 1267
1880 1063 382
1622 994 1637
1526 147 1414
948 512 1463
852 1291 970
1772 1917 1550
1877 189 1324
321 352 1204
363 1172 1822
1326 363 1830
1300 274 1146
105 488 1689
616 443 1934
585 106 607
1561 1975 112
1038 1797 1154
1156 1544 1900
397 693 1473
1167 413 190
1265 413 1880
1886 1414 1173
267 1113 1288
743 170 1483
831 522 632
489 1766 755
32 1554 748
1330 1027 1294
1782 56 957
84 1178 1669
417 1880 1373
1771 334 1102
1354 1561 1434
11 1010 299
1306 1052 769
488 694 1471
1039 1871 402
1740 1560 1596
1183 329 1683
1752 1735 361
1791 476 489
863 211 323
105 703 1327
1324 444 535
64 693 606
183 1137 1136
889 797 1491
1155 780 1044
1501 754 820
1863 847 359
219 1937 1590
1616 1524 425
706 602 871
1244 1518 120
1615 482 1655
306 1494 532
612 228 1820
241 237 1272
1909 1017 811
467 1358 1475
1205 629 525
1340 1544 135
1361 976 1858
932 1104 25
1100 1816 814
1532 907 1131
316 73 19
519 1739 1791
1833 1753 1207
429 959 107
1326 539 429
494 1854 603
629 1670 1756
1898 1216 1702
404 1815 455
10 1585 100
664 1662 1980
1243 872 656
469 1555 888
1426 49 1570
21 1697 942
1427 130 1004
1605 847 83
877 1003 1713
1691 1849 1768
1753 1553 364
1384 1447 1311
776 670 388
1262 693 912
318 1331 528
454 1758 32
395 1282 1959
298 672 748
1058 1639 1423
682 874 1281
1107 1783 767
1224 509 267
1795 886 1659
1272 1318 599
904 814 529
357 1607 1252
1648 1203 1039
14 1029 1478
728 279 1098
1886 400 1231
1640 356 1226
204 1295 1201
1186 832 1048
748 475 1663
1201 472 587
1049 1554 1459
1150 1298 24
575 1832 675
1578 302 1052
619 272 861
1045 271 922
223 1701 1532
1861 465 1575
915 1245 927
462 643 456
132 987 1424
1131 1878 708
220 506 320
1101 666 643
1179 743 1950
1912 1209 124
338 361 1900
540 206 973
563 1675 1511
1479 1877 1894
591 1774 653
558 437 1528
338 542 510
602 1384 1393
1715 82 738
1741 1745 541
997 573 895
784 816 148
1588 644 1818
1179 353 1882
1973 128 1223
1306 170 1189
491 744 1362
1385 142 1307
1205 1560 335
624 1117 180
810 852 1600
478 551 1400
321 624 1203
744 1481 1106
1981 1011 414
1185 1080 790
323 1560 1980
783 270 1813
635 1803 818
1078 1673 217
235 1282 507
1295 361 771
1101 1628 1185
433 1265 980
1643 442 140
1599 348 1905
1936 1732 1882
1088 946 467
709 1521 1154
366 533 56
1060 866 1363
245 551 1621
1194 325 734
1441 938 192
803 1667 202
82 427 1870
638 410 1404
1993 892 514
80 613 919
1922 1577 1648
193 720 1704
1670 1652 1435
114 231 1934
1331 1183 572
843 743 1173
63 304 1080
1182 332 1027
1129 1350 1755
1490 1210 1266
1249 1292 284
1593 1654 1728
1995 357 424
426 1137 1162
602 952 1763
1441 1977 943
815 1180 1481
1198 1824 195
820 1355 1623
1075 483 1926
1062 1449 417
357 1768 101
938 1451 582
917 1562 783
1891 1645 184
585 1088 975
666 1980 456
729 1199 1838
931 413 38
1777 824 1709
468 1447 1106
442 1675 1373
1522 1724 241
967 1215 782
1038 1291 424
935 1289 1124
265 1235 197
1433 956 1221
1580 564 219
196 1933 1112
36 500 199
220 1415 1480
645 194 723
151 397 1516
1612 1117 1058
1289 215 1351
377 651 1502
1706 1117 1459
130 1989 808
230 216 1087
982 610 986
1240 1502 607
50 967 1205
488 396 477
1253 985 1583
477 1428 782
1027 1863 374
1290 1719 996
1097 1176 1932
1306 1245 1125
1249 1044 11
421 1490 1234
10 978 888
59 1748 1601
771 1304 1050
1081 491 156
95 357 708
592 1849 919
1831 847 1988
1923 507 320
523 1832 34
1878 1456 559
263 1313 902
1374 779 980
294 941 653
510 124 816
116 757 1884
676 1364 1867
851 591 108
1096 1692 1381
1232 495 1467
1460 1473 475
1234 1074 1481
805 1663 937
1451 1705 1261
1014 1797 1269
1573 529 873
1672 782 55
332 1428 301
946 358 195
1274 260 1439
1807 1359 194
1736 1723 1133
1973 1766 1867
1495 508 211
638 17 1409
1774 700 314
1943 1848 465
1314 238 1777
1797 705 815
482 67 972
1255 1074 1886
246 360 1401
147 80 27
1642 321 272
1554 989 1477
596 1507 1606
387 1588 199
1920 570 32
1788 908 297
583 299 1177
1078 676 1646
1729 1698 1443
299 1705 703
173 1502 1203
1772 788 901
1617 913 1028
951 228 974
1900 2000 821
1867 1869 541
835 962 205
1241 92 1701
1607 1464 1522
1099 1727 1592
1198 1760 1823
417 108 1652
284 358 743
1847 597 763
1206 1850 1174
1122 1842 545
363 86 963
1532 1454 38
451 849 1430
1140 1441 212
435 345 436
1628 237 1047
1921 1351 1789
1518 839 1137
1705 928 1091
1056 1203 1477
578 854 1545
332 1482 587
1144 349 893
378 1918 52
474 918 769
182 242 1046
1943 1760 462
137 922 1542
1643 1995 1711
395 352 1800
1360 1436 571
585 537 7
1637 675 45
278 777 611
327 1959 1159
870 1233 1685
1377 243 703
1650 504 1394
889 120 749
1943 285 485
1809 809 362
1754 33 760
1352 139 789
865 761 1427
1440 493 948
1459 294 1467
1811 1087 984
1386 1835 1501
163 1032 232
519 944 43
1516 727 593
1761 208 960
1525 1625 1246
1896 1665 1769
369 904 1336
97 1570 356
779 575 1900
384 874 1549
1457 362 1028
900 583 898
198 230 1600
314 1584 508
911 1223 1462
433 614 1624
1067 1749 295
1062 1869 1902
1323 503 1048
365 239 291
1927 1868 1381
1746 126 1611
328 94 201
572 682 1102
542 1988 824
570 1811 22
555 1847 728
826 221 917
666 1234 514
281 630 554
1115 536 1901
1507 331 1304
1014 333 1898
1031 1677 1610
1691 1655 1442
1747 1260 1231
612 1413 1906
1990 939 1500
22 846 1839
1298 497 848
497 1663 1693
502 868 1921
1027 1575 1239
1520 91 692
1124 955 1800
1037 501 457
1541 1037 568
291 1352 1978
45 1086 17
1272 894 1692
1201 682 1709
1413 1018 1923
1762 174 882
570 1024 1957
904 1673 745
886 1816 1622
1144 88 1198
426 1125 1713
613 127 817
883 109 117
1419 364 1279
131 1931 1027
1477 1025 1202
1444 950 1716
1783 525 497
864 1934 557
1965 900 1978
1843 1108 765
846 1359 906
717 1003 1906
165 1627 1083
1462 1336 761
1831 1769 675
140 651 1087
1965 1059 1179
931 253 1596
230 1417 897
779 1220 12
1963 14 1554
475 535 667
1638 1371 1066
1061 668 485
181 868 900
761 787 1956
1288 869 272
1676 1671 174
1925 1492 211
1491 57 1173
48 361 73
245 1662 343
1363 1100 116
1379 772 610
1177 1323 416
1309 1749 762
1078 800 548
347 1504 717
1137 658 153
1898 658 10
1024 1532 637
165 1444 1565
714 511 1795
951 725 335
497 1860 1645
1831 951 617
1859 1071 1537
1311 1507 889
365 1972 452
1056 1361 1159
44 1799 1674
1365 846 642
201 552 869
1723 1111 991
811 1831 1244
220 231 1602
1046 774 1190
1435 1481 1294
1196 176 64
1535 83 612
1349 642 1504
745 383 593
616 613 996
271 1914 422
593 1106 1270
1430 1258 1910
1517 332 1436
1685 327 272
762 636 679
556 1092 1365
640 1908 470
1059 1769 1208
314 1708 82
891 330 1651
1815 1022 930
384 1509 1121
401 43 1456
607 655 826
614 1299 211
1397 245 1440
1981 1131 1855
1639 409 441
812 1042 183
107 1368 1428
1886 566 1882
319 1959 1983
110 329 1897
663 1217 212
524 35 311
921 261 1087
909 850 1270
1334 1849 1374
1206 1667 829
1389 920 1158
991 447 236
337 1829 1437
816 1333 1641
1104 1863 1634
288 804 900
1962 1233 462
1929 1677 797
824 922 1132
1076 1760 1575
1061 1734 93
71 989 241
653 724 339
1581 1312 1822
175 1769 584
1801 917 1883
1752 1882 78
454 1010 58
219 1530 1021
1119 703 58
1732 974 1881
707 1149 257
437 1970 228
574 100 1283
1781 15 1037
1539 1818 422
168 1355 954
250 281 1738
1138 1123 535
75 1694 1699
518 1273 842
327 1242 958
1784 1258 412
870 1466 1345
1400 1179 382
1182 63 1893
258 1393 1994
132 1873 1386
1631 1501 791
1090 173 718
1443 1933 757
1713 1527 1458
1536 825 1036
1892 1692 759
845 684 1504
146 1990 629
63 880 97
302 1920 479
650 500 1304
652 1563 130
1922 1195 146
517 1282 1073
1352 1117 128
1222 235 1477
1694 702 1725
1837 581 687
341 1178 1917
416 484 1775
1799 583 917
977 725 412
1188 1801 911
610 928 908
113 1043 228
1597 272 1896
1415 1487 0
119 1210 938
447 600 1314
428 269 1747
1631 1682 728
1615 311 1015
1254 620 1570
1695 1421 1215
1165 774 1422
1469 1805 1771
1748 1016 1847
1860 1903 298
1844 1875 1010
1323 1940 635
764 763 1701
732 863 1775
624 427 195
431 1428 1685
520 1389 1930
877 1147 1386
969 1464 1350
1502 1941 1797
1775 1559 1683
1654 1990 1483
1320 1682 1554
1735 1815 1754
66 159 1607
590 969 753
1587 902 1778
1016 827 330
1510 1073 1916
7 974 1694
1910 1149 1087
1343 1203 895
1343 1605 1276
1689 621 573
1993 745 1697
1149 831 1502
1206 233 861
1659 1536 224
83 555 1034
336 874 1605
1849 1011 1881
744 563 462
1164 169 1091
660 296 301
1896 152 1389
576 98 458
380 1948 1480
1700 470 204
1218 1613 1792
777 357 776
611 1648 729
1715 592 1161
1971 635 1464
994 73 708
903 1110 1706
1931 1865 204
747 1446 1964
75 449 1547
123 145 1423
1563 474 483
1954 914 423
314 1994 1748
1307 1234 337
1941 1350 1064
230 1330 132
1815 1964 1622
245 1910 125
219 575 1732
1749 917 1929
1406 1816 103
201 317 343
1428 39 1766
1362 595 381
1795 776 616
1691 1457 534
1247 669 559
1335 715 1555
781 1038 253
970 1530 856
12 622 1249
527 995 826
97 1613 711
1645 398 1921
707 801 1251
158 155 1000
873 1694 633
1321 797 751
1727 1107 941
1706 324 561
740 1518 1331
585 281 122
1743 1022 807
1962 1224 857
1928 670 446
1514 1808 1334
1227 572 145
1856 125 1947
588 1578 861
765 1928 73
617 1779 1222
1243 1167 545
1886 1708 1511
1680 1040 1629
449 403 1683
218 1285 1763
1449 558 1360
114 1211 1892
1469 381 1809
1242 1619 1249
1866 574 592
600 1892 1942
1641 1591 651
392 1649 16
547 875 1528
924 1351 1537
516 263 1146
1841 1966 1769
1387 1509 1252
1475 1791 1388
1194 1121 996
476 1020 1942
1674 1131 557
669 678 1243
1124 860 1252
557 1619 1573
1353 464 979
706 188 743
284 239 724
107 1207 649
1534 224 1143
37 569 1073
1126 575 1843
1973 1104 1554
262 1252 1940
22 1781 1084
1344 1950 1263
1752 1300 1142
632 511 1971
395 252 837
1534 1094 133
732 957 569
768 531 1424
1337 164 508
1930 141 1433
45 15 581
2 1887 1678
1476 1370 426
1984 696 910
809 201 45
171 738 1261
1318 295 1670
418 1220 1618
899 1071 1500
248 1951 338
1351 1909 772
168 269 828
824 690 498
491 108 1488
232 131 473
1077 286 938
1045 632 589
1549 711 1988
1325 1615 836
1395 439 910
1162 1905 841
847 1605 1135
777 1111 1328
605 1524 86
666 1055 51
1206 811 1777
401 1510 896
545 1986 313
583 33 1592
1640 1329 1703
1300 1346 1066
166 1188 508
1737 741 91
192 225 186
935 500 902
1147 388 798
1358 565 1694
927 470 1923
985 1946 1919
1476 1329 189
715 95 1977
329 1076 336
1267 1032 459
1333 838 480
993 1739 1020
1234 1631 1516
507 235 121
496 1903 423
1299 1582 622
536 399 1284
284 1647 288
1051 735 185
1464 215 1814
1584 1245 472
1847 1535 1872
1677 560 1076
447 240 1019
1474 372 497
910 575 1996
1716 1606 1527
670 1138 685
554 1097 433
1701 1705 1927
543 14 760
1612 1431 913
1382 776 837
251 7 1988
1811 659 1907
160 735 891
968 1969 915
1442 1996 394
1489 899 1420
1119 869 1815
662 1125 609
1572 1740 1392
342 1407 17
929 531 1322
1666 371 1803
660 189 1546
762 1496 1953
365 995 774
201 1912 202
988 1920 1091
109 260 1942
1650 23 1777
1354 797 530
950 1490 1136
1349 1761 1231
683 1963 1014
547 965 239
752 1742 840
755 1370 290
1189 1139 764
875 1749 53
823 1528 1204
377 745 804
1377 762 1184
1481 564 528
254 1643 1642
1482 1375 464
1141 1674 243
802 309 451
1911 1250 788
1533 1186 1714
1256 1252 1895
1481 666 1760
687 1469 1029
1167 47 965
826 1997 1638
207 1590 588
293 737 1868
802 1527 473
1277 210 1778
502 551 169
1787 306 234
1704 799 1680
31 1156 1163
430 1639 1638
552 371 1067
1019 1512 1353
1788 1556 1993
1831 477 515
1952 1118 440
1706 441 402
580 959 675
1043 1904 1715
395 1764 1565
1309 1536 1909
605 1534 1080
1244 1507 82
1346 1870 1549
1196 731 1019
26 722 1966
771 857 73
1344 1218 1846
841 328 1397
686 107 851
768 1096 1194
1431 749 330
1051 1151 1257
542 1431 332
272 1985 717
954 1026 1959
1945 1885 624
625 1679 51
757 1910 783
784 1358 88
1372 464 1891
1110 1701 1145
1278 861 1273
1042 1723 1896
1632 516 518
1741 1851 903
231 677 610
206 711 709
751 1735 495
1186 315 563
554 284 333
1376 1372 518
922 235 1671
337 945 1841
232 1674 397
261 1184 1313
1129 617 1787
1087 1774 1856
1371 360 1314
165 1395 546
1906 1996 934
1532 1477 95
1662 480 1736
890 1134 1985
848 849 1449
984 1737 1522
352 1179 67
747 152 388
1926 732 1805
177 514 542
1819 1240 1070
1351 420 1076
586 1027 488
1480 1026 477
1273 1361 1761
643 1669 612
1256 531 151
1465 843 237
388 197 238
212 492 540
740 265 976
913 1116 1389
648 1609 201
1586 1938 1286
1939 1358 1569
976 157 1983
1479 1559 182
351 1789 1251
1216 565 176
1043 325 1833
889 54 1613
1530 730 1749
278 1362 1897
1954 662 1157
296 1489 1687
1538 1218 1099
1259 1574 935
812 874 1401
1675 1519 1593
438 1834 1678
313 1374 1821
1071 1776 1006
1828 1982 1162
657 379 458
1636 1589 1441
1318 219 772
1262 821 296
1445 1410 1711
1482 110 608
1552 358 301
1713 889 349
1312 1594 925
282 1285 117
1309 193 62
1615 1374 644
1062 794 1364
323 88 98
1507 1324 1326
1271 255 1516
922 204 1482
1946 1357 569
803 232 320
180 16 1277
1948 1836 562
949 265 945
1882 1205 900
1951 1061 226
98 637 631
999 1985 290
1732 526 1480
42 529 844
389 1422 974
1233 1129 1273
760 153 1898
851 1623 1989
552 1331 1132
480 438 1999
1212 555 1289
1317 1108 546
805 633 1130
1291 1132 115
1141 18 325
603 956 1665
208 846 77
1061 1106 511
1076 983 1789
935 1505 1505
1869 5 1212
1960 1479 690
1165 1178 1692
238 1201 297
1957 1924 1949
314 1993 130
1401 1142 933
1494 193 1708
247 1020 1285
1588 637 54
1512 1301 1980
220 1870 252
1449 653 399
1224 46 102
637 1127 1394
532 919 808
466 55 1755
1751 1958 937
1691 700 262
1475 327 132
1616 1564 740
312 1984 751
1454 1781 717
1235 976 1229
1565 538 1355
1813 493 1951
951 113 924
970 1083 586
242 119 169
1045 1103 313
1693 876 956
1442 709 1588
673 620 1204
1578 1459 1039
1147 439 1974
1499 256 1839
1030 698 251
685 1086 274
419 1234 30
851 835 954
600 100 148
779 304 936
1533 948 1211
889 221 937
1294 72 153
43 24 432
709 332 751
1039 1211 687
1982 849 907
789 2 1662
1691 487 1172
1419 1565 668
560 62 568
260 1832 8
1239 1180 1444
1019 531 417
853 556 6
1948 1538 1720
649 854 963
877 1585 1310
1082 1109 346
199 1998 1500
763 891 1014
151 717 356
345 1656 1871
1385 285 473
1678 1202 505
1834 820 1005
391 1904 1230
1721 1353 289
1345 1194 1700
1366 593 437
1902 1626 1235
866 1767 759
1032 3 1315
1237 1046 1579
734 1325 535
1557 404 603
1340 213 1680
1764 67 1576
248 1529 109
1513 860 1896
296 1834 1712
1566 1871 1617
1816 145 1848
1705 1632 1208
1070 1508 1255
1187 380 1495
335 1221 1941
1893 1519 1576
1934 643 1067
777 1753 73
1032 1712 1207
1351 185 342
1207 758 433
344 333 1304
18 1021 139
853 965 337
292 1835 1137
1496 721 323
1491 1666 1330
1325 1024 191
117 464 321
246 503 59
1390 265 975
1290 312 1298
1300 1642 905
1958 938 975
756 910 1911
982 1278 1805
1239 480 991
56 341 1699
1040 1240 1870
472 1046 1427
1825 1427 1598
1417 1097 1255
1560 1199 816
1989 1282 474
1236 1918 359
1233 1954 740
325 829 1120
952 1852 417
245 189 330
1216 785 1182
915 3 1740
1734 1491 575
669 1739 942
1384 1121 393
291 1119 281
321 820 332
1441 1548 768
420 1487 1314
1553 1242 1204
1311 481 1652
44 188 1381
31 1012 48
1530 839 953
1055 947 835
386 262 1872
687 1359 1038
631 1031 539
963 1055 1382
747 1259 1931
1921 264 66
279 1731 1444
884 891 1666
305 345 255
791 1632 342
755 1296 982
1461 34 493
268 1860 1546
312 4 1106
645 264 868
1211 1390 883
1588 1504 235
1680 1818 1237
1976 348 1043
1270 824 767
1672 1488 806
1223 774 1643
750 302 648
998 1230 740
1364 770 1204
1347 2000 478
1023 1842 1623
145 937 1228
900 3 1507
1742 1119 726
1396 931 360
1739 1419 86
730 1573 1173
1277 1860 1183
822 100 1007
1727 1654 544
517 1446 688
1911 1594 1465
1941 744 668
440 352 1228
810 1925 847
1196 1934 798
939 1305 90
644 1822 22
1074 497 1587
752 458 296
599 313 121
379 38 5
1485 245 626
1812 1605 1953
492 1706 1912
64 1826 8
1402 701 439
1460 117 1037
186 1830 1593
1165 1279 1060
1666 640 1338
1157 102 1628
677 1898 1397
1376 1567 330
1270 1791 959
1228 1774 143
1272 1310 499
1293 1303 95
1045 20 402
433 1964 111
1498 1855 659
1639 1790 350
626 48 548
1692 603 421
569 816 1346
484 1596 1718
1325 821 86
452 716 1097
1999 118 1289
1087 474 641
1735 1789 201
155 1586 754
315 1292 568
686 1324 1649
197 31 535
1222 617 230
1250 1823 336
1540 1834 1719
255 1464 1135
779 1715 409
509 1910 1722
75 96 682
194 997 172
1146 309 560
244 1188 466
7 1077 40
423 1715 210
1044 1197 719
1789 1834 95
729 1931 1582
1850 624 1721
355 1045 1646
587 264 1817
723 1615 275
579 863 1237
1520 1348 1931
554 969 1502
1559 1380 207
1753 823 921
1853 1468 535
1963 315 1599
483 1374 421
1416 599 941
762 1994 830
72 777 1296
1094 121 521
590 264 1049
107 768 1035
1162 1045 904
1305 1002 1543
403 1481 1855
500 1806 600
745 1486 1526
206 1271 1001
412 1215 180
368 1666 418
290 1911 80
1526 1261 1738
502 756 1489
368 102 1627
1349 419 527
1941 835 924
354 112 843
254 208 490
318 906 726
528 1367 1471
1213 1054 1155
926 1045 522
1245 495 1269
1228 1069 557
1514 787 1584
1105 131 1339
734 236 383
1152 1689 1075
264 1439 1600
1027 757 1051
282 1855 759
298 1140 920
926 1758 270
1367 1173 225
595 176 444
554 714 1410
143 1575 1009
582 1047 1319
465 303 1396
1812 323 117
990 1504 1852
982 635 1049
1457 129 1015
192 29 291
0 974 468
979 1623 743
1143 167 289
559 827 597
1254 1915 1879
1040 1842 844
1179 1197 1707
1538 1274 982
975 1791 1234
1615 1886 1021
1136 521 251
1036 722 1969
1364 1244 26
1864 946 1280
121 270 98
445 569 1909
934 1802 1769
1959 1876 711
1871 1064 758
1786 233 1594
126 854 717
895 1524 409
763 845 1981
884 516 120
774 1977 1757
308 186 1952
796 1414 513
988 1306 120
717 499 1521
1096 652 177
720 907 1193
1928 1232 1527
122 1857 201
1960 1705 1679
1662 404 1922
92 1860 633
1905 1541 1557
1886 1803 176
1935 1497 1546
1726 639 1739
203 1418 279
1131 694 427
943 1573 488
1013 334 1535
1244 1662 410
985 753 939
722 1329 713
1629 1841 1295
984 963 1943
1044 1746 1603
378 1245 1111
318 951 1920
1928 279 931
1877 1003 1976
264 11 595
744 1899 683
933 300 814
1184 794 1736
981 1212 853
603 783 1168
95 6 861
1151 669 1952
1944 744 1576
1311 171 1535
1947 1734 174
1484 1623 1712
162 833 582
1205 314 1280
1166 1547 1381
973 305 116
678 1415 1698
1095 1627 295
19 1875 792
1338 1950 176
732 371 640
515 639 1302
360 442 1245
689 1992 1174
428 1259 639
1485 112 682
1556 1269 1472
1298 856 1438
449 53 905
336 644 199
50 1880 884
1081 1230 763
419 1026 1648
1984 1637 1464
110 484 978
418 1928 946
182 297 100
36 1293 239
362 823 419
748 700 1163
921 622 885
266 667 1430
1738 916 569
1241 1384 667
790 30 1930
1756 954 1591
91 497 1369
1967 245 1478
464 255 410
881 1758 1735
1312 500 597
775 1702 246
1338 1818 598
383 299 1989
721 1846 1207
386 89 1576
1050 1835 1348
840 1310 203
637 218 508
1815 1481 1684
1118 1080 1840
1658 768 1826
1284 1865 220
194 336 807
64 598 1165
17 1376 683
1698 736 651
1421 1718 284
1115 548 1288
1041 966 730
30 977 1239
886 1530 615
238 1289 1935
1318 1048 1895
1392 394 1019
1280 1815 484
1960 669 574
894 1526 284
448 574 961
533 1172 166
30 299 227
1011 1953 1504
1772 1345 754
1733 81 1902
1818 1148 1253
396 757 851
811 1849 1486
566 233 1728
1742 1510 281
795 320 896
473 181 1338
1558 136 1125
1236 1303 1836
340 967 372
604 576 770
896 98 1140
359 1369 1985
295 199 561
1204 445 71
1455 63 1286
1089 1701 1668
1563 898 1493
1316 241 1127
1648 315 308
1334 446 109
1096 932 703
229 813 1950
505 666 406
1513 1770 322
896 723 837
73 577 329
987 1362 1563
1978 257 138
855 885 1542
1649 716 407
1259 332 1003
343 396 688
1487 624 1154
1601 1475 35
1992 843 1298
669 683 1015
1036 211 1926
1904 1049 1645
126 514 865
169 1717 1220
1162 1394 1565
1003 1380 1486
1703 1960 542
369 1138 375
501 72 1732
924 1569 1122
1892 999 968
907 1993 1918
1772 42 41
1191 471 1557
802 319 1143
787 451 461
685 1586 1614
692 375 733
180 402 806
509 258 231
1408 1340 812
1755 1384 1641
42 323 1219
1472 305 374
448 1108 1138
1772 320 1114
1318 1403 740
1917 258 163
1698 501 1137
653 1085 546
1373 664 1927
1934 310 1466
1878 1155 18
1531 611 1622
993 1666 1786
183 1616 233
746 1050 489
703 526 982
846 982 1748
144 1266 430
278 1125 337
681 1389 1912
1178 218 196
620 1540 1029
1903 1378 1558
420 1476 77
783 569 344
449 39 829
716 1693 267
1321 946 1459
1649 508 1680
446 73 309
355 223 1998
1514 1913 1641
1558 1471 156
371 57 971
161 48 1464
1837 1126 1681
413 1067 331
1305 534 614
891 1573 1279
965 1067 326
1963 309 325
1413 1382 258
227 1847 1149
1030 991 1322
1553 201 333
1579 286 440
997 737 1220
1688 838 1024
449 195 425
812 230 768
797 1720 1581
1774 667 896
1990 1334 545
647 335 1554
1356 1369 1548
678 715 1516
1433 678 1069
1891 902 843
1222 1625 1147
1141 1081 1088
1237 1073 1095
1670 1582 111
1507 430 1302
1500 631 788
1401 245 1311
1009 397 25
1482 519 1169
1929 441 254
506 8 1153
301 376 1847
1670 1186 1456
1745 1316 86
1413 661 1922
322 1882 1120
1213 1034 353
1017 1808 1478
1302 262 1494
953 171 551
720 459 1070
255 1355 1056
117 544 1194
1782 1577 1800
282 360 414
691 330 282
1307 808 237
29 738 1635
317 1220 1562
1668 294 1297
1225 216 727
1468 1793 340
40 1675 1484
1588 1756 130
1905 1719 1909
247 1548 282
480 781 1278
65 1410 898
49 1978 1323
86 1450 1856
780 387 1511
148 104 956
1482 273 41
1602 174 192
1134 1535 87
876 499 339
1235 327 1922
1679 1992 701
296 1433 1069
1466 1771 1653
744 1719 409
1764 249 22
124 1665 403
1076 862 1650
681 1479 869
1080 1257 1165
1856 1522 1564
1801 417 650
1737 1686 949
878 91 883
1150 1678 1256
317 1259 318
1312 1997 974
369 1201 420
816 407 1546
465 1024 1844
1142 74 63
1898 52 1927
1612 514 1841
290 1415 1464
908 550 561
1098 1067 522
1027 723 771
1564 948 342
1571 1136 1302
118 1537 1233
441 1330 111
275 1937 260
1720 1384 509
672 1629 1592
1604 349 1173
1403 1892 422
1852 946 2
238 1999 660
1556 364 402
1592 885 1659
954 1816 1439
434 1631 549
915 954 1205
1094 1353 1391
693 1276 125
362 1015 667
1714 306 292
1639 1877 1061
1639 107 446
368 869 564
1599 496 886
437 328 366
942 793 944
1976 154 738
966 1958 1182
546 1735 1102
1559 173 378
1449 896 1452
915 60 580
640 1743 1962
558 1219 1553
761 1932 371
598 1778 198
518 1915 1091
132 1659 1873
1000 329 1483
1249 856 1350
817 842 597
1879 1301 1501
780 1943 1184
1556 281 1565
1578 1162 845
1950 189 54
1122 739 973
1471 1173 1223
1946 1270 1474
997 672 983
1994 53 901
1681 368 406
97 1096 1935
1983 1192 47
406 152 376
63 811 853
891 701 920
1428 1339 921
843 1007 1246
1726 825 376
1006 1513 404
607 798 1933
943 373 816
353 24 1418
27 1271 526
1538 1508 1014
166 355 1936
1114 1219 1823
158 790 1984
1720 771 798
1282 1966 447
1836 990 1507
222 1724 1969
1844 1330 115
1684 660 1946
26 685 168
1889 1654 1129
1024 1774 998
1847 581 1829
1287 1429 969
1248 700 1023
546 1471 947
1178 777 1789
864 1730 855
612 1763 599
1187 685 1141
962 397 443
269 1278 1679
1681 948 1439
1448 1248 774
996 1542 1718
1783 878 1762
330 1452 1772
1169 1528 1941
1051 592 1746
103 20 1969
1650 939 886
927 134 65
1939 1417 383
536 68 483
867 495 1830
1378 635 1810
1191 375 1158
1991 107 750
533 634 1233
460 1702 1621
435 1326 1857
178 148 1718
1577 1707 1539
1059 1401 1917
579 24 1755
1784 1831 1362
1588 1046 1998
256 1262 598
1755 114 1823
952 23 15
1766 99 792
465 809 1724
951 339 745
255 1515 434
566 1177 1222
866 1927 959
996 950 1812
481 1294 172
692 628 186
1995 1842 1326
652 907 873
1177 517 1929
798 1007 687
1383 428 1141
1444 1959 513
1575 1584 152
669 170 1686
1317 951 93
503 1397 760
1215 1044 427
1622 1407 1021
892 1848 1300
1851 1753 1245
1755 266 1227
966 1750 1108
1589 1273 355
450 1954 442
1032 1763 461
309 1097 138
944 281 734
1837 476 540
1691 279 1049
1083 405 738
1295 914 531
481 656 106
62 596 1220
1203 781 735
1281 892 604
1221 589 588
132 1696 1895
954 1097 1
1901 1676 583
1579 1427 1776
1298 1316 584
1515 65 878
1294 1517 222
1760 437 1529
655 1140 1071
1642 75 629
1717 1154 1333
1106 1635 446
1626 32 1147
1274 1417 370
844 1584 99
139 1727 646
412 1159 803
290 1955 811
1249 145 5
231 642 1991
405 238 168
1963 1365 1546
1633 234 355
1363 940 896
1373 1535 1946
1776 634 1050
1932 1876 1202
550 619 396
192 545 219
566 214 1019
1125 147 1760
793 1996 1375
1142 690 692
763 936 1017
1497 607 173
1321 1801 1648
1552 1064 1921
404 44 181
1426 1250 4
1208 1616 1933
722 1471 188
287 1480 1765
1402 152 661
516 1813 49
1341 196 1330
1501 648 720
1680 1095 134
755 1629 87
1743 1456 1583
1403 1629 431
1278 5 1897
827 809 1065
17 1165 555
229 145 871
1974 1385 1004
32 459 605
215 478 1599
1167 1051 538
693 1828 227
1624 1205 387
1083 1636 304
669 1514 523
1858 592 1715
243 1467 1625
1208 1523 1827
760 1729 172
1075 1751 1086
653 1386 408
44 78 78
1197 921 336
987 107 1008
2000 1782 1599
966 1229 1707
701 1129 383
55 490 1760
1665 1467 1627
916 281 442
1067 1833 713
1121 1781 428
1146 575 1278
1534 1073 366
1940 1508 70
1100 1291 1858
1025 1041 49
886 906 45
396 901 643
1552 1366 1819
1271 1543 207
1346 249 707
446 698 288
1525 1301 1511
876 1701 1313
694 616 476
1345 1604 1589
1674 537 1963
215 864 1750
1238 1358 318
644 1532 166
504 691 353
1816 1933 283
1588 739 783
1509 925 1110
1848 1357 1233
1195 110 1543
1577 1120 251
679 603 5
1965 1623 503
1587 1558 1981
1151 61 959
992 1975 583
59 1003 546
1688 1434 777
499 1402 826
140 665 50
1198 8 1553
1331 250 1495
1842 82 77
965 1633 625
269 1197 1126
330 632 219
1066 1730 1353
1721 835 367
1006 941 554
1288 24 434
600 1594 780
1896 1471 709
657 1090 1857
203 757 509
213 1596 259
1445 1873 300
340 447 1385
751 1377 1783
293 557 666
6 1468 1722
362 816 535
1726 484 534
1754 914 1649
1870 413 1789
1793 377 1825
1983 1109 1985
1705 1510 199
1755 646 1807
421 758 369
1240 1923 21
843 308 255
788 1289 1445
1259 31 347
1429 451 972
158 968 1479
1670 1043 1869
1183 1344 1623
940 1598 1504
1516 1768 1996
727 1145 1303
679 8 853
1456 381 725
1097 206 1013
290 527 1116
1825 690 272
1795 1628 1841
927 1373 650
992 1002 1847
1758 1501 1318
1341 1652 1391
1172 740 1266
1392 812 1424
194 1894 1301
696 659 591
953 1408 1608
705 972 1864
106 992 1427
1047 697 1004
1308 868 1044
40 328 1536
1894 320 1738
801 1430 960
917 1727 1106
1443 294 397
1407 1163 317
116 1895 1739
18 307 1273
608 154 1349
155 1974 1281
33 1627 1874
1393 901 17
1577 809 114
1562 1759 1942
980 1970 464
523 849 1809
1650 869 113
627 1954 1842
1463 1310 870
771 1485 1732
409 711 912
1690 1448 338
1466 1537 1188
509 1178 521
864 101 394
812 1546 1240
1449 72 198
1608 288 1835
566 63 714
239 1264 1934
410 214 1707
1412 919 1074
131 1026 230
1117 1954 1375
835 586 1272
199 358 360
1738 1315 288
586 77 1386
1132 43 536
1225 1632 14
605 1427 613
1644 1451 1342
1306 1392 1019
1787 912 1576
617 1991 1337
1831 1305 863
1109 1543 948
1824 458 353
876 575 803
1213 331 1586
1027 1282 1177
370 1501 22
1508 667 1267
11 1954 1039
1694 1317 1862
981 219 1269
1083 621 1583
1906 1522 833
396 923 1952
1496 787 89
1821 713 1502
1017 460 1056
1779 1615 1552
68 1690 1258
818 1055 1210
182 1524 158
96 1472 511
152 1723 599
1638 785 1730
238 27 1483
1302 560 1130
395 1099 1801
1584 986 966
182 1624 46
1092 1157 1859
815 1495 234
341 43 470
1657 1652 1814
1802 115 664
1943 6 217
1903 1574 672
1142 1755 394
102 595 940
1094 1922 1985
259 1745 188
212 862 294
1777 502 1066
1185 784 1933
206 965 1282
1212 882 1807
1790 57 1696
1741 401 664
794 439 1023
1614 1421 471
591 997 464
1960 1544 488
778 467 848
1605 1956 1195
1596 1988 522
548 1601 978
1878 30 1147
136 74 731
797 979 1590
599 238 867
1278 1219 990
1641 1438 266
690 394 179
731 263 1722
1731 80 1285
1790 975 303
1367 1621 1523
526 994 1800
2 879 1930
484 892 1887
393 1479 1751
156 263 1673
1163 1541 1973
44 980 831
1129 1232 1041
252 1990 414
197 1945 1212
1538 1088 1926
198 801 782
369 1135 673
407 380 1123
255 173 1667
1307 1953 1642
1884 19 1945
1763 236 1852
58 1251 176
511 1673 1785
995 179 159
622 418 248
278 1755 1026
86 404 1852
1292 1391 1062
886 343 772
395 1696 366
1939 390 1846
1327 721 839
527 1860 614
557 1617 88
1102 115 1849
1308 1881 981
1341 1709 338
909 857 1198
746 485 32
1963 449 1062
916 478 1877
199 1986 1225
1183 672 480
1216 965 1568
2000 1990 668
1085 1433 23
767 1390 1448
151 192 331
376 1093 703
1682 1514 1371
1469 1637 910
838 937 1257
1232 1075 241
473 786 1840
1468 1520 6
1754 1990 25
738 1731 381
1709 959 1126
229 1152 595
1134 267 1308
562 1878 1599
696 1691 735
106 1095 1471
1401 1799 938
896 1097 723
1087 1914 1329
1391 1301 1195
1983 854 1236
255 591 1900
1105 960 855
1521 704 88
667 1972 594
788 876 1244
1330 1866 277
778 1523 1241
421 742 154
1311 1701 1334
1674 477 207
1566 1662 116
382 403 1208
1479 1921 797
1800 999 286
1469 58 180
88 290 1395
1221 1479 1714
705 658 1289
578 1141 1552
382 80 828
1038 1833 645
106 369 769
1547 1179 1625
1137 1825 1280
440 1734 446
1558 1977 1615
563 1239 1131
241 742 853
813 1788 768
357 1939 1569
23 822 1667
1550 1202 510
971 241 1469
588 531 406
962 1778 626
1268 629 1550
811 1508 145
984 1523 1164
1306 1328 1769
392 641 758
1223 1788 1405
841 732 17
1405 1700 114
1137 246 883
1976 905 1226
1460 748 467
1623 1317 710
17 1128 1966
971 1514 311
277 1216 560
1868 1255 1399
177 1062 1179
1429 1181 1996
949 1203 1911
1653 222 104
1659 390 1571
976 673 201
1361 395 396
631 41 823
1684 1991 1728
1075 1860 633
811 1911 1824
687 744 1239
162 1331 19
101 1795 1151
1050 314 1677
1727 383 981
1767 1569 925
1056 212 1124
1504 339 946
572 1291 1494
1384 191 795
1379 1005 150
443 1480 1941
718 66 1223
207 1458 136
1282 622 1969
1289 1644 1482
2 1664 1636
642 466 59
433 1663 1690
1596 1243 100
413 265 812
362 870 1155
790 1670 52
151 1923 1679
795 24 1431
313 960 189
1683 161 797
1348 968 403
1944 721 629
600 1459 47
655 975 698
162 122 1338
181 101 1946
701 184 1812
1691 897 1796
1043 1946 897
824 1950 1012
458 182 1167
1910 1175 1413
604 1081 329
1045 939 731
1363 1490 1543
1491 842 1072
1782 448 1811
1234 1191 699
961 503 602
1515 1279 1459
1558 686 566
548 1934 102
696 1781 462
1971 45 1407
1942 66 387
480 989 842
749 192 468
1841 1114 1279
1778 992 1592
1185 137 1307
1634 748 1294
753 1116 1190
15 691 3
1737 499 1833
1645 231 1402
1874 218 823
1394 220 67
1555 1619 1958
1625 1636 1107
266 1635 545
1863 1061 1042
249 759 787
683 279 371
1028 643 1027
1892 1899 37
557 1838 1094
1618 500 285
1139 1559 1657
476 1575 84
246 310 1138
1401 1357 425
1709 1512 1124
324 96 1030
1086 431 234
776 1682 670
1113 158 17
685 199 1951
1602 1244 1106
882 367 109
1181 1684 68
169 1253 1802
622 161 1607
451 758 1220
1598 669 784
439 1251 937
333 564 589
874 1471 1293
545 539 7
1314 560 1251
1575 914 908
750 1470 964
1731 873 1925
845 823 685
427 1764 1655
198 315 409
14 1651 1941
1576 454 479
1720 45 1755
902 1398 1665
401 1642 769
1456 246 920
226 1481 1405
1128 1768 1490
1086 1032 144
373 1843 1593
1886 1297 256
1869 731 1754
914 1654 837
1868 1174 41
470 1848 491
734 173 1640
1425 174 475
1675 1351 1365
1650 1130 145
665 640 48
1119 1620 659
126 263 382
685 457 1036
1191 1140 1473
1965 969 1286
1781 1260 45
555 579 1978
84 917 163
242 419 1266
1123 1006 644
1755 169 1673
1463 1641 415
988 1208 1764
1614 177 1730
1250 646 1845
873 1174 700
387 1480 1850
1438 1025 266
1676 518 752
1772 652 62
817 1793 561
1256 869 283
1280 753 1169
1992 369 841
1853 989 613
95 946 1939
1062 224 428
269 383 369
1006 13 410
79 1096 1382
1317 172 1148
532 1627 1363
916 616 820
752 1081 1812
1334 489 1731
1331 1163 1319
1945 1402 971
1229 819 960
1621 186 1865
506 907 345
1971 881 876
1383 885 811
217 70 53
24 1606 566
1812 1514 11
1496 1664 1328
1861 154 1750
1067 106 662
835 456 1654
550 320 933
1638 1284 599
1943 1868 380
154 56 1245
1508 896 735
695 274 1050
426 1913 158
1803 941 328
1810 291 421
1026 641 373
125 1349 966
1412 562 1015
195 1068 1835
1781 302 1561
146 1747 754
769 470 619
888 337 893
102 170 1424
447 1164 1859
1540 215 594
41 794 1630
772 561 1424
203 192 1430
220 698 375
1359 1744 156
842 312 88
1914 1040 288
1069 224 1733
1837 489 1660
1095 1241 1317
129 756 787
1331 1103 373
1320 464 1043
335 164 1148
498 1924 1791
911 1907 555
1013 1706 882
475 594 145
1946 1417 319
1574 124 766
796 183 1021
461 707 262
1278 678 186
1605 1612 1960
368 1068 693
876 119 771
1085 82 1313
518 619 1006
1524 833 985
1383 932 397
973 885 945
883 1758 164
633 896 1404
1126 1707 471
44 1242 1428
1710 493 495
365 1689 11
1163 938 19
1048 526 649
807 1945 1116
1928 1959 928
168 878 1529
1191 531 1428
738 744 1404
340 682 3
1980 146 25
575 1629 224
1904 237 1717
1176 487 1948
695 1906 1664
896 737 52
550 1256 280
505 1808 1108
1435 292 142
878 161 1298
651 1696 1893
1105 814 615
508 714 915
1019 208 768
1341 648 856
497 1386 670
624 446 422
1014 1951 1195
484 269 1723
1402 892 519
300 1945 308
576 832 1305
805 1212 1337
1734 1659 471
33 1590 1215
1188 1010 1965
1779 126 234
690 446 1550
1686 1778 469
451 375 1868
540 421 802
195 1517 1480
617 572 191
1227 1995 454
965 630 399
1293 849 81
101 1208 486
924 1874 405
1957 1881 1450
1736 1168 289
713 1784 1375
446 965 1123
1809 1016 427
1793 51 192
1300 756 691
492 395 466
1981 882 104
1177 1094 1857
123 720 1546
568 298 483
21 1578 1393
20 570 98
738 289 977
0 1277 180
1413 848 152
310 346 1713
1980 224 1612
376 4 1471
332 316 903
313 233 1464
273 1341 1762
1862 1298 1536
1134 1331 1158
506 27 355
1587 1725 239
1979 1062 1735
1160 1769 1900
13 155 345
171 408 151
572 507 907
480 1686 308
560 1568 534
297 18 1689
1648 1570 574
290 572 313
737 1633 1716
21 1928 1584
399 686 1748
1023 1130 294
1135 255 13
1893 1782 1119
386 364 1557
652 1214 1447
307 1437 725
796 1759 1052
460 1618 1950
1909 1134 700
998 271 671
887 157 1245
806 1685 1273
740 1855 1646
482 1231 584
1730 306 648
1090 1146 1121
683 1530 1803
184 588 1404
1635 873 1962
81 1815 383
269 1072 1335
615 864 521
270 1026 1419
987 1135 389
1987 131 1570
1075 1882 775
168 1676 201
33 1091 1158
1901 838 1732
1124 756 1928
1002 28 1686
1518 1734 172
257 1111 33
855 205 312
922 666 664
868 594 1214
423 1439 169
522 1027 1682
1621 1483 1753
297 1472 1487
959 328 1653
1493 863 1849
1238 1427 1434
1579 1394 1837
1777 1773 1392
893 1001 942
1490 1252 1660
1046 1180 1360
1976 794 1021
1008 1700 1014
144 289 1596
1574 421 152
1341 507 883
1200 1576 139
1216 666 20
345 1731 110
419 1041 1391
1263 1053 352
960 1989 699
1690 1900 1339
756 1309 1100
464 1870 704
915 563 1001
258 951 1055
1096 273 991
1915 1178 444
1017 26 449
581 726 70
898 29 1688
1431 898 1531
1247 225 1689
101 142 79
309 1610 1024
570 98 130
1825 604 498
1216 139 1552
526 1088 469
16 1840 662
1980 373 1344
137 1710 272
270 1251 1546
682 1530 1476
1135 673 1812
61 871 183
116 1227 510
226 289 1758
1782 951 391
14 334 1870
27 116 730
869 1987 487
905 696 1430
1834 1502 928
432 1185 535
13 614 1631
863 1011 920
1165 1937 1557
1883 1320 905
183 751 752
60 45 1467
829 1517 194
815 825 1444
1613 1982 131
1053 1362 1755
1775 1983 1927
702 515 57
382 1377 1027
1114 1751 843
1893 1154 854
690 1582 1573
1973 630 1654
1103 507 606
1151 596 1492
411 303 312
31 1582 1089
1396 929 1765
923 457 1413
469 777 574
864 963 1196
1873 1796 388
866 750 1422
1414 900 1779
269 1754 1987
1568 1535 1348
1079 875 93
1280 1562 77
1275 1775 664
809 125 561
652 1445 270
672 1935 1688
829 1387 465
1679 1022 177
651 384 474
731 1995 266
578 944 1157
1693 780 906
1704 1948 317
255 87 434
948 747 803
424 915 828
1079 1782 1748
1803 729 1925
1901 328 216
495 976 1932
743 1442 916
471 1158 361
480 230 1131
1047 1437 1514
576 129 1799
1256 1857 115
405 1691 1715
648 1092 926
585 1770 742
813 127 1503
756 1184 242
346 1965 559
924 770 218
316 1032 915
1694 739 118
686 1347 1084
1233 1079 734
374 1773 1908
650 1794 883
961 817 880
1616 1413 1250
1126 269 305
1009 891 326
126 587 451
655 1025 1213
1978 1519 367
1494 427 1765
1274 308 1758
322 722 1884
600 1942 166
1749 720 847
1373 1056 891
1547 1611 1452
1708 1343 371
926 793 1190
746 1610 92
776 396 149
720 1087 659
289 1213 982
1166 495 1586
1657 1906 1960
257 1259 1610
1225 494 1022
1521 1290 1981
553 194 1509
1124 889 130
1855 887 1292
947 297 1495
784 1363 1322
503 1695 288
950 432 1455
1954 0 1348
1809 421 1763
1138 343 1506
569 360 1203
1268 484 1393
977 1791 1788
245 859 1905
1033 490 982
222 375 1646
1690 1144 152
1687 1207 1645
1242 1388 924
1830 587 788
159 881 1294
1285 73 780
353 768 251
1141 1087 1443
395 810 1001
1424 1630 1985
664 1357 1188
304 1279 1335
367 1771 542
804 200 1552
1702 1388 805
1151 507 1613
1284 1230 434
517 1094 1662
323 1147 1506
1914 1367 840
1424 977 1588
1773 887 286
1585 1622 518
1954 440 1363
102 1800 1500
225 337 93
743 566 1621
311 1687 1704
155 263 1741
58 452 134
1722 1224 639
1139 917 798
1520 284 27
212 1646 473
376 237 1851
1108 1032 1505
721 1401 1969
3 1164 1550
75 1296 547
1028 253 576
1518 1966 142
1317 672 5
1909 1549 162
1336 577 1388
730 383 182
1654 1245 1094
1395 1139 1880
814 1247 89
1928 1651 544
905 1428 1050
1117 413 1127
148 1432 817
160 56 899
988 901 1040
637 1728 1414
474 1765 315
1907 66 1334
514 1199 1256
1095 376 1615
1702 254 1990
56 459 1141
1801 1740 417
1474 19 319
833 604 1509
232 1832 51
1524 215 1879
1275 1940 1657
711 195 481
1921 397 1989
294 170 686
141 1587 1098
479 997 1923
609 1657 1105
881 1340 1956
1882 245 1043
383 622 114
1337 817 904
472 717 258
1914 1413 256
1126 276 1213
1040 1101 1307
982 888 763
787 1624 1213
1198 1510 1613
244 1983 1014
1095 1219 661
822 1655 1234
1020 1405 1372
1422 786 1141
1688 344 542
1750 377 1549
290 511 1927
715 1968 405
1424 1409 1218
375 321 540
239 653 523
146 1480 402
602 1605 1879
1852 959 1165
697 751 750
1187 1577 1785
498 964 895
939 626 1390
417 1508 1348
1639 1167 287
1132 1523 1615
1962 878 1549
757 162 981
841 1186 66
541 1271 110
701 1463 1998
1642 1361 1442
629 1170 39
702 229 154
1751 1617 1078
495 1564 844
19 34 1157
1002 147 1937
1170 1797 1639
808 27 651
1405 841 1194
1158 1961 985
1997 704 332
105 1799 1801
172 1623 1491
1726 1278 762
418 1885 1078
5 1719 1365
1516 831 1951
686 182 569
1086 1175 1066
135 1461 1617
1696 937 306
873 634 420
709 850 613
839 467 1368
600 691 482
1291 874 275
1712 432 1187
376 1728 561
14 425 1375
978 308 1381
1450 1818 1680
217 128 432
950 1557 619
806 61 163
1413 1701 710
26 745 1746
1148 693 1330
981 1234 174
1943 144 984
1113 730 652
9 252 1521
1697 1302 722
455 966 1505
1049 1799 738
972 1945 1390
766 55 924
11 626 1423
1649 364 510
414 144 1037
1493 80 460
62 539 589
91 1686 1355
1965 120 1684
1528 950 1340
1049 1704 1240
1735 1320 1874
1823 1187 374
823 1522 856
852 148 1095
1748 223 1322
1189 1156 1762
245 1025 117
1498 1530 1689
48 176 1501
1665 453 1562
378 850 39
1202 1925 1243
1532 64 337
967 1190 1700
1385 730 1955
918 1918 1392
1748 482 766
1339 1822 776
672 1388 1077
45 1616 1855
1806 853 634
1713 1091 137
407 147 1997
1913 1335 417
1165 659 7
1498 525 253
444 1077 539
6 1640 1013
146 1419 1370
152 485 1789
1270 883 665
1447 450 682
885 447 1591
378 1295 1580
508 687 402
1253 1476 1886
1085 1566 820
1857 1364 764
758 992 1818
532 1908 83
1550 1496 878
571 1044 481
202 536 1708
427 647 316
1280 234 1079
1706 593 1762
1471 1172 14
858 304 1248
1224 179 613
303 33 825
241 1923 1625
30 324 1280
256 379 1706
732 510 1800
384 969 1668
1516 1261 1353
1418 767 975
1543 1879 1901
1217 78 325
805 1803 1413
1412 533 47
1255 234 1023
1233 839 1896
68 407 59
1520 1983 1442
1892 849 1750
1210 1471 105
1138 721 1709
1740 1858 1783
763 827 441
1249 1934 317
403 145 69
714 1958 319
383 1375 222
1085 1356 660
1675 1832 273
725 957 165
973 73 138
492 858 1933
1908 1711 7
851 1408 117
1144 1655 765
48 1460 1130
609 298 1581
1956 152 144
557 707 1044
1167 1597 1890
1931 1872 1712
709 1121 1685
624 1828 1962
1461 1407 1341
1871 1336 99
730 1664 1028
1613 1435 1334
1559 1310 1599
1377 1363 202
581 1767 827
519 65 898
174 1519 1351
298 1318 1631
1532 1447 1204
322 514 607
383 1279 284
224 1538 25
1095 671 674
157 906 849
1887 756 723
190 1661 1815
1726 697 655
1713 836 897
754 675 832
1875 1326 503
1578 1828 207
1240 1378 1890
312 59 937
135 1659 575
487 1911 88
517 1342 1338
1940 869 1944
1061 467 302
466 1437 1352
1419 1493 1306
961 1956 1459
823 1769 545
55 976 1873
770 1714 1287
204 1306 1327
1649 1003 1223
766 557 1075
1205 772 572
383 200 297
1977 1343 754
1798 1052 1589
666 1430 1969
870 1266 1197
1537 1682 1981
1024 1537 131
1515 1546 1229
1591 1902 590
306 1240 1957
1355 358 48
329 299 934
99 585 528
964 1297 900
1749 1628 1258
1627 795 306
1592 1456 764
624 702 465
1530 1851 338
200 983 501
1731 1609 74
640 394 728
705 992 704
814 512 1361
1640 1549 59
652 774 1925
1314 435 1478
1081 492 1290
938 326 1034
519 595 1168
295 140 1352
746 541 491
1610 1334 1216
1728 841 916
362 559 412
282 903 1233
610 1787 1186
287 1051 1293
709 1950 987
1146 734 68
882 1538 1093
1282 1098 1987
1684 190 1382
994 1598 977
171 1397 1736
116 1683 899
1063 1207 1033
458 1781 1312
1603 1014 420
1126 1694 762
855 254 1533
1323 388 1958
1344 1950 1951
176 1153 1474
1345 533 1868
895 1736 1617
150 70 1483
832 222 559
574 246 223
1958 1530 990
137 1356 1390
1266 179 527
1248 220 479
1775 1707 471
483 1779 1130
1891 340 794
399 799 1547
243 1070 1957
251 499 506
1989 148 616
1901 1197 819
1908 1262 1861
49 1020 1530
1602 892 1062
1542 864 1607
1310 167 303
77 1470 818
1502 1447 1148
226 1945 17
428 1579 1030
438 1641 1796
42 1559 1618
1419 955 1812
555 1839 284
1385 1914 375
1967 1170 41
310 1005 1444
1565 1232 1977
254 792 1929
0 1122 1477
1081 1797 1963
1050 145 1836
1417 556 397
315 925 1438
383 899 1006
1475 300 988
1096 574 1000
1643 426 243
1705 1994 1674
107 1960 1225
204 478 1522
1893 316 208
938 296 1868
123 658 1725
690 1358 846
737 1378 905
963 725 445
732 1625 1130
192 1214 1644
1883 292 431
541 1178 223
1811 905 1589
1129 474 319
642 488 760
605 76 1370
1407 1799 1943
816 870 1791
1760 746 1628
847 37 772
1920 1964 1896
1468 1398 14
362 139 1267
14 1407 622
1772 870 1401
568 1723 1520
1540 1630 1271
1897 1981 1384
1286 1359 894
595 720 1430
209 1538 897
1191 741 1983
647 216 823
1656 332 1862
460 560 1969
1160 1514 346
1622 1018 710
1059 1248 847
1971 1650 1277
3 1945 1435
890 743 1598
1410 1134 1052
1229 1620 615
1941 653 1420
1739 1256 1100
913 952 1758
141 642 870
930 146 1475
220 1730 1352
1885 1164 501
1860 1937 646
1744 1313 1573
1410 779 550
1467 684 571
1750 383 212
803 591 643
565 190 1790
416 1725 1741
1808 1312 1246
1450 1935 966
476 1681 1945
790 1465 1844
1673 1789 501
1763 1756 1776
1611 1944 1782
1437 1275 268
741 1531 1557
679 167 452
1570 1014 395
964 1629 1338
1186 338 721
198 1244 558
955 766 1432
1161 1541 530
858 1192 1731
1655 1554 1771
836 479 548
169 798 1238
1450 121 1557
1640 1459 1046
340 1103 1292
1535 615 771
279 574 74
942 908 1885
271 1558 156
1472 690 1085
935 1406 1705
1076 39 728
1433 1179 1388
1011 1267 301
1267 754 281
1194 475 942
662 820 896
1215 13 1121
1465 552 445
1082 638 428
1653 1789 814
374 1994 562
299 408 1320
533 9 1314
1705 748 1910
1513 365 770
742 175 1099
420 890 117
860 1496 1665
11 1461 1556
1348 657 892
1224 1798 616
1745 1450 1166
234 350 1952
1725 1404 1668
1543 30 1002
1640 1927 198
9 1754 442
1040 220 592
1140 221 1176
552 709 1036
1981 22 1307
1653 1668 1808
350 913 254
64 1323 1042
1391 1479 1615
265 512 1982
1474 642 1749
90 915 1652
350 885 1408
362 1540 856
1309 495 782
708 853 1804
312 1257 182
1508 25 1681
829 1987 1848
217 1827 30
149 486 1329
750 1205 1041
1211 1050 375
941 121 1001
1971 1423 1432
1565 1130 1448
896 609 1774
1923 66 1595
424 733 416
474 1122 576
1988 791 1794
1982 415 967
101 1040 1439
124 829 1433
1719 1835 1026
148 232 1651
1993 1372 983
83 1014 1798
223 1415 1706
38 657 602
1425 1315 489
754 1836 1553
1860 659 389
1141 48 1752
1124 250 638
1666 416 412
66 1784 1113
1204 951 1348
1391 376 1869
996 610 1066
1303 906 935
271 314 923
482 1377 1376
1032 1064 579
1008 1825 702
189 352 808
865 1114 418
1064 893 1696
1597 212 486
732 832 1771
1101 536 1266
956 1874 1614
1276 48 303
1951 1091 603
1635 344 913
707 1908 1935
212 663 687
1532 579 1934
720 263 1945
601 386 354
1554 1213 1645
1357 846 1887
1034 100 887
1219 844 1388
1139 518 528
503 1181 1820
1902 968 1211
1518 729 752
758 332 1924
1816 679 256
1137 305 795
1343 1815 696
544 27 790
1228 970 74
69 73 1281
9 915 730
94 276 166
1951 999 583
549 674 1726
1465 542 993
1035 1946 1788
730 862 471
12 1690 917
1014 464 691
1033 1015 1680
125 1437 1855
456 1476 71
1575 459 1760
1056 1385 33
387 480 1615
473 1124 1851
161 440 1792
27 159 342
395 456 157
953 259 509
1777 768 1981
1653 704 1445
672 1281 783
1332 352 1275
411 1762 349
1689 1384 287
1130 520 509
1710 605 1479
1831 1422 305
1347 62 1461
310 3 1469
1774 860 1987
363 1903 1417
762 537 1760
73 1723 1815
765 783 585
821 102 600
1773 107 1463
721 1038 1288
559 1814 1119
1511 1052 896
478 1362 1028
450 1745 565
722 1503 429
1152 879 1505
1423 839 1297
1438 93 1177
771 155 1157
438 1516 1337
1786 518 598
1078 1423 1478
999 1310 1063
1873 1066 1841
311 100 1751
1834 192 397
1024 1884 1505
1372 460 1477
984 577 1479
1215 902 1702
1777 979 37
269 220 1844
449 1912 328
236 1733 74
1673 574 291
666 237 113
779 815 732
490 590 797
1321 1968 782
1284 370 758
1 184 936
411 1165 1620
158 57 1330
921 960 1913
1308 1969 1396
1640 767 1418
1144 737 1575
699 740 666
413 1958 1918
1586 1550 676
1799 1356 856
1885 398 644
1292 1135 53
943 357 1421
712 422 418
1989 771 1934
1169 1728 629
1760 730 1509
394 32 927
1832 725 344
854 1565 1758
941 203 1628
366 1754 415
1041 773 943
1529 703 1880
591 25 989
1799 1462 1523
558 964 1175
141 1943 1670
111 142 386
441 1829 1704
1924 1277 779
610 918 1185
1776 1711 1418
474 353 1015
575 1960 501
1418 677 612
734 1121 787
1308 711 1593
1065 185 705
297 351 1705
361 310 1197
1829 1100 707
512 1220 718
1432 1926 1433
752 155 30
403 553 1213
749 420 1379
766 864 1111
879 845 1236
1101 4 1732
1235 1205 490
1532 767 847
1955 140 790
487 1316 362
907 71 1767
666 221 803
1260 675 1378
583 1965 1415
267 377 877
333 630 1069
1093 1134 1597
1469 289 733
636 307 165
1026 1730 425
98 621 1450
893 1337 1119
293 1126 1247
998 899 1072
1520 1830 1908
1608 852 939
1567 297 933
1369 1120 338
1613 1667 274
1520 417 1160
1679 1454 781
951 463 1919
579 971 1654
989 532 1787
1979 1718 1936
1383 450 8
1887 1775 1273
946 796 1923
463 893 544
1421 1183 232
229 555 1210
1693 1234 307
735 389 199
446 1250 1630
229 845 1071
632 596 67
1965 1222 157
1754 1456 644
1327 1133 768
1152 1885 1280
61 507 1702
1919 980 1949
802 925 222
397 1177 1207
1670 1870 1317
818 370 824
1491 1806 1237
1124 1978 752
1925 836 10
1715 878 1687
1143 881 1458
937 522 1630
208 1536 408
1705 1251 1510
1798 987 766
1246 634 428
1081 1487 1931
1578 1669 1000
25 1322 373
1738 1465 1353
78 1421 1628
1426 381 1932
750 1044 930
1808 1296 773
1935 1684 1639
797 1211 1645
1011 123 860
636 176 724
498 812 1569
1718 182 1196
1964 739 460
1610 301 884
585 1885 1137
1583 945 1372
1400 69 1716
746 679 1220
540 1685 58
1865 1902 1098
591 295 818
1193 699 906
753 1956 668
1104 1077 890
347 1466 411
107 576 344
653 451 1215
982 316 347
820 155 1248
1197 545 537
1270 1677 1613
79 741 416
132 1094 652
870 790 1239
1648 34 1882
1394 709 1083
542 712 185
897 547 127
1715 1865 1501
1471 1648 1688
569 167 1415
1267 1380 1879
108 1592 1817
540 1307 1802
640 414 1138
1601 1793 521
1974 1801 1080
976 694 1172
1878 1146 254
203 1139 474
396 1218 1545
879 133 615
1273 953 1705
907 1475 1702
1078 220 1220
662 1673 1841
609 775 446
585 436 942
431 1400 1854
1487 858 460
983 1910 1363
670 960 443
563 835 1888
434 1863 1171
246 1243 1755
475 1357 764
1704 1682 1901
214 1911 936
427 339 793
616 839 685
516 1214 1475
53 438 860
982 1454 1347
87 377 864
410 711 1002
1266 670 689
682 1006 226
1897 899 1623
1101 48 1911
1212 215 839
141 1373 453
1983 1834 1738
1367 112 1344
637 1565 1315
30 1973 1784
671 1217 1116
915 1114 713
1333 697 1685
464 656 1254
279 318 175
1199 1016 1003
1782 896 1095
455 1160 948
1086 1223 755
1165 1077 340
1242 1562 1599
49 1180 1256
70 1628 414
348 1516 1473
365 751 1584
957 1405 898
1691 1465 1137
1464 1800 1516
1950 244 1916
222 906 1216
1171 279 2
807 1413 761
733 1701 1777
1774 701 1490
1583 1562 893
1604 1826 697
349 248 701
944 1271 785
1175 432 854
1917 19 1697
1938 760 318
1031 384 1280
92 781 740
227 704 959
1908 1812 1538
913 225 1985
1205 80 169
521 618 998
1125 622 1754
1477 1194 622
1943 356 1259
244 482 959
749 11 1610
1644 71 1850
706 1443 508
766 1413 1153
1239 1992 1990
1757 506 1482
738 1575 14
1672 456 253
1148 1799 1376
619 1159 1205
419 1711 1817
1200 1508 580
31 882 1878
1900 961 1688
1150 238 1944
1475 634 892
524 1542 939
1097 1793 430
1497 1746 113
1312 615 767
1579 304 1310
1896 991 1963
337 1488 1062
603 1881 1524
806 1452 1764
763 1230 1533
1039 162 1505
404 711 353
254 664 710
1238 267 870
1607 971 1293
1022 1374 769
1428 402 993
1793 987 1746
685 519 42
1076 275 1692
1428 1887 1344
1171 264 1364
799 951 1166
1674 1227 1439
697 1508 883
1213 198 1969
1289 1820 1863
846 81 898
1763 1735 710
1465 355 1751
865 1127 1821
1847 1045 881
910 1803 1359
61 1196 1269
1100 35 939
1322 888 978
1481 137 458
894 331 1800
1613 1255 1460
1683 1080 385
1371 1479 718
685 814 574
1133 682 1820
582 564 924
585 987 610
507 1879 810
376 302 1013
987 762 538
692 243 56
1216 1784 1973
1983 1066 1375
274 1652 1188
969 1525 876
1807 1318 135
6 1004 1124
1313 285 506
1997 345 138
1821 950 816
644 52 1755
497 1193 1899
30 554 1875
1551 1919 1753
1086 571 551
278 16 1876
689 1702 1764
1100 1644 312
582 1915 281
1413 793 932
471 1387 197
1503 1546 543
1994 683 861
655 901 969
1807 199 421
1810 422 788
624 234 1063
813 1307 604
1647 645 125
890 438 1339
1433 963 1431
688 1206 1276
110 386 973
1648 179 1916
1959 1988 1541
1467 1287 1203
1860 313 1524
986 685 1479
167 588 1258
490 1117 51
1350 1772 299
111 1548 204
851 79 481
623 651 680
1293 1265 360
1459 428 910
1656 1466 812
1242 404 1835
229 253 805
1621 617 1484
892 1264 1858
584 1079 1267
1483 353 1362
1107 714 381
865 1330 1553
1868 1871 515
694 1142 305
1395 950 564
188 408 676
1326 1740 640
42 758 1677
1890 1941 953
489 877 686
1588 1135 1401
1420 1403 84
520 1954 1276
1084 768 541
1975 918 315
302 460 721
1269 1643 550
319 11 743
1282 1702 254
1686 221 294
90 359 1485
1545 120 1587
947 935 33
394 241 1466
308 1698 560
1773 569 1750
699 1772 277
857 433 832
1711 967 1523
1973 771 455
166 217 930
1075 1840 272
142 933 1924
493 1024 1301
378 43 618
1548 27 1524
685 1344 919
1285 1304 1054
634 1961 1210
548 121 1125
765 771 996
1080 935 1289
1752 1485 193
574 458 1229
1747 986 283
705 1581 1959
1504 957 1121
1629 983 99
1591 1673 869
1897 636 409
1097 1607 863
1101 82 286
1262 529 1740
51 400 1864
292 1457 1964
1444 1109 1746
918 1259 423
537 1589 981
69 85 545
440 1331 1077
1483 1331 1946
1509 1497 513
513 256 13
1705 1835 1333
1436 927 131
149 122 1326
280 1323 383
1670 1486 1826
1202 416 122
1551 1596 61
885 506 1408
1674 987 684
662 589 916
196 1232 1622
865 1696 1849
430 1237 1357
1734 1544 705
1140 623 1334
1878 1192 1961
776 750 415
1339 1782 1000
1927 1054 1010
1227 1614 1051
1205 401 388
1644 355 353
1400 202 1297
1014 1392 1410
324 1044 1602
335 1041 666
606 265 1329
917 1123 1023
721 389 1330
1000 1382 550
924 1038 117
355 1151 585
386 1943 652
1308 1286 924
450 1690 19
374 1152 1009
1784 35 49
797 1680 485
1690 952 1429
558 1586 1841
1785 1295 519
479 329 1557
1333 371 19
1070 969 862
1541 737 919
1644 1858 547
1180 1239 1625
563 1887 65
1429 224 1900
1023 640 1687
1833 1825 1273
99 1158 470
1374 155 1539
676 1403 807
816 479 255
519 1358 986
1644 1437 229
403 1818 1100
386 1230 78
910 1657 371
307 11 862
441 1181 186
1908 2 1480
727 501 70
883 1788 1090
598 196 1787
48 1262 1252
1353 1348 1052
1561 1806 557
1477 253 1228
166 1028 1893
1100 1775 1111
270 340 284
1366 390 198
1056 120 814
1078 827 1841
1462 375 1297
1455 109 1031
294 376 80
566 100 561
707 435 50
992 404 1824
1097 674 726
89 455 292
390 561 1491
697 496 660
1654 1368 242
291 1557 1998
219 2 1901
414 1684 263
623 1377 828
358 418 1678
869 810 512
330 1014 1644
489 1556 1425
1373 326 921
1960 298 873
976 158 1366
694 684 299
1736 1704 775
1290 1487 724
303 262 1919
1021 1458 24
1086 1998 76
1583 1725 1086
1845 1932 1325
1537 1567 214
1983 1413 1938
357 489 1271
807 748 397
347 631 1467
1749 1323 556
337 65 574
504 1503 1694
840 1017 1464
1223 1776 1518
173 1536 1644
681 1673 439
505 527 1229
543 1610 1525
188 200 1767
1261 316 604
786 1623 29
157 481 825
1535 894 1387
1229 1641 1569
1268 96 406
1439 1218 656
1314 1417 393
1688 946 1520
1134 1071 1364
1204 1440 549
1809 1745 117
843 1709 98
1555 999 963
552 1420 542
1510 486 1723
724 749 480
622 1818 977
60 499 1726
1223 220 727
1838 416 1780
323 514 1288
1236 453 987
875 371 1317
300 1603 886
757 74 838
600 176 1319
915 1865 1377
1317 783 1813
1943 640 261
891 102 1547
1095 1230 1891
811 453 84
207 941 1661
1766 1148 1842
1854 819 466
594 1791 1010
252 420 1555
94 1426 1054
938 1276 1320
445 1056 939
1989 563 363
1691 136 1097
398 870 1287
1492 1622 245
855 1587 1930
1625 1433 1493
225 1838 426
1717 1684 1493
928 869 75
1931 133 1799
1345 1141 287
132 919 551
166 1788 1257
1355 777 1060
1579 240 1958
455 498 426
1749 651 1042
582 538 287
1070 1008 1714
205 431 902
662 238 112
378 1550 1742
1947 1383 1785
1581 1010 1029
1270 1504 1100
499 116 1783
1033 148 129
444 312 186
647 1389 979
492 1066 1986
1499 1194 1248
725 215 1888
105 1478 358
913 1928 1638
1170 344 93
535 953 721
382 364 1594
1648 1506 1992
367 153 1379
410 1092 1139
383 1102 777
1790 1296 1740
1110 1887 1190
75 213 1765
178 160 1535
1794 1045 1002
1419 227 1409
282 660 922
1609 280 1151
1660 1469 826
549 888 1509
905 1906 609
373 1659 1430
1777 790 289
318 1115 421
1857 1667 588
187 1836 1262
1299 1643 130
247 1232 1401
1650 799 944
180 900 939
842 72 195
221 1070 52
14 1924 1462
1100 95 621
1324 301 1848
1241 747 792
734 1695 313
1049 261 349
628 70 88
67 111 1194
1082 1385 205
1579 1295 34
57 1201 1079
820 1933 1603
1277 1971 230
880 44 1162
445 1994 1639
1706 1482 1968
1922 892 1069
567 409 1973
1103 1315 102
1023 714 45
219 922 181
286 331 1578
205 1224 288
1669 987 1497
8 1772 599
68 310 356
179 277 1097
883 1117 955
1878 310 27
1208 155 1091
201 1650 1595
662 1114 1408
691 1906 94
23 593 1966
1555 124 1173
1140 1948 716
1181 293 1087
1801 277 1492
1207 528 1503
959 764 309
1889 1552 1806
1225 1243 1474
379 722 1385
1494 449 269
1589 1007 1867
1771 1612 1181
1061 209 1995
1477 1298 285
1160 105 1036
1652 715 1704
1859 810 1435
1050 409 1324
801 216 679
189 1960 824
38 1112 372
820 897 780
1732 1800 691
1416 800 403
1197 203 676
1827 867 540
459 129 1180
913 459 260
998 1988 1348
1152 913 121
1501 937 412
821 1446 556
843 1947 1782
1176 1147 49
1378 458 1639
1566 465 747
1191 688 1127
521 483 1077
1982 1399 530
1777 715 857
1058 356 494
157 401 603
1075 626 481
630 1076 186
1982 1934 687
189 1357 496
83 1257 1735
1681 443 1980
1620 160 1532
1862 513 338
684 746 230
1393 377 1238
796 1343 805
158 1148 1434
882 593 1258
1793 1500 708
1837 1501 1811
1844 1363 1554
1994 1313 1556
1399 1870 1886
934 853 1798
870 1116 679
296 1295 1075
1773 351 1722
1339 589 1954
1837 1446 1366
1951 127 1457
1393 955 1930
670 210 791
1090 1981 1896
1212 168 1735
386 1402 980
854 1039 1644
1148 614 717
537 1386 1579
869 1599 877
1172 586 1273
835 1264 648
1971 1137 217
1349 909 899
1626 658 1659
481 414 1407
1735 1187 16
1649 752 199
760 1257 105
1954 70 692
1023 865 706
1683 1823 432
1781 277 1179
505 913 1634
1904 401 161
947 631 1853
1637 1794 1702
1028 1674 1406
1536 822 479
789 1881 640
1649 1524 1651
476 1767 683
1326 877 1600
515 262 1246
912 214 814
1843 1396 1396
1514 597 713
53 779 631
52 887 776
175 763 1515
337 297 1736
1949 1973 1633
1543 1116 900
1946 861 1581
582 563 1218
1996 670 31
1687 1149 1915
136 382 1310
1658 1792 1486
1811 1488 438
695 1828 448
908 1260 925
413 20 1827
915 663 738
1387 1184 1414
1463 1692 961
856 1968 1294
752 1588 257
1744 1880 1547
237 1860 1199
1290 1717 508
109 565 180
61 32 1648
68 581 785
542 1897 1105
401 1821 93
740 1492 948
780 877 1258
278 1097 867
129 924 1000
1723 1828 96
360 1234 1613
1923 1256 1290
1769 1239 1720
57 1276 1694
889 1022 109
826 932 1119
1429 734 1602
1721 615 874
1244 958 20
237 1327 355
1946 845 545
535 531 268
334 44 751
1953 1794 487
1249 327 328
62 52 38
996 1695 1825
488 771 1715
832 1347 599
819 821 1552
1547 1910 1893
230 1058 1008
2000 194 1344
1464 17 1244
362 354 598
1026 311 1572
974 252 464
452 347 1564
930 374 1102
274 402 1602
141 1074 793
1492 816 753
1839 1 481
867 649 652
363 513 1541
419 1495 1302
1179 1928 246
1807 512 23
805 1708 989
923 861 391
400 1679 1371
120 1104 1661
208 1006 1319
1238 1218 964
808 1934 1466
890 253 60
432 890 278
1928 1110 1416
1566 70 127
636 1273 944
1898 1875 1781
584 736 1137
1211 892 1038
1908 1344 218
1138 1482 564
754 629 687
1406 516 483
474 1087 709
793 840 1540
85 1160 609
768 1634 50
1374 1483 1904
507 428 1834
381 1246 1112
1214 885 165
1411 282 963
722 1462 1198
1811 841 1473
1763 542 1824
1739 1576 453
679 1225 1588
6 956 1945
1162 632 1696
174 1088 111
345 318 1865
556 584 760
1809 943 801
1180 988 779
678 1650 858
1252 70 1068
1760 142 753
886 71 1113
200 1027 583
1247 225 903
1433 228 895
240 662 833
1626 379 696
1351 1692 1970
1225 500 1784
1506 918 420
495 1524 1079
1292 1599 484
1428 1679 1202
205 1269 994
1000 1907 1895
1184 238 667
1487 674 1011
803 1990 616
1217 1073 1367
827 1608 330
827 1226 264
572 293 1721
303 698 1069
1135 1585 1550
1986 1092 1186
1393 1208 1998
1691 1072 1727
916 1989 1406
958 1929 1316
1848 168 578
928 701 1195
996 1710 349
1007 638 585
1181 97 1400
1935 1437 1581
1610 462 81
673 922 1745
1448 888 1985
723 639 470
1128 972 387
1111 1517 1701
1938 1078 1119
981 1626 1220
1369 977 234
1799 272 1718
1939 681 366
1537 244 1029
719 516 1260
760 1289 1424
1727 37 1121
255 4 108
1808 1557 1160
1636 1932 416
430 1495 1611
1751 1748 1200
1536 1764 169
1702 1658 1451
993 1625 835
1474 1134 1789
273 1948 635
1700 1133 1757
31 1722 1787
1989 1339 93
818 1806 268
189 573 415
1926 797 696
240 1050 998
1618 1643 1749
1360 1207 898
549 752 258
261 1358 1607
650 186 1727
1564 267 352
1091 1839 367
1089 136 617
1399 1708 1368
1600 208 689
291 712 1824
1771 1676 875
1079 1739 1398
1619 422 1851
1031 675 519
1883 766 1760
1853 118 1501
495 1836 891
1864 957 1523
732 318 1563
1576 66 618
58 168 1558
1301 1500 919
1702 755 468
1195 1082 1728
1313 1768 1842
1153 1086 1566
79 569 325
1854 1915 978
1402 1629 1775
1931 1642 793
1 1399 36
1157 1825 1134
686 273 1771
1391 1357 33
1533 544 330
76 1602 1337
1466 1486 906
981 641 1916
1209 1580 251
956 935 1126
969 291 951
1818 1471 839
1361 1400 1153
1995 1422 1742
1360 853 1213
1794 84 671
1171 1962 1544
1247 221 136
1194 1747 750
1810 1814 1937
1776 1969 1483
620 832 1144
615 1009 884
1661 1845 897
1665 1547 1318
1465 318 1280
1387 358 1525
470 1708 863
17 1719 1563
1124 1799 1502
157 94 1009
1303 1962 1778
446 946 1123
201 1913 1867
1535 1257 59
1035 733 790
476 206 1090
952 539 1285
350 1993 48
1303 122 52
1663 1546 1173
422 1517 1323
1351 452 483
1684 1667 822
1667 1466 486
150 194 1540
775 816 333
1204 208 341
1515 581 1265
621 1327 596
1757 183 845
1919 466 128
1061 1087 1467
1062 548 1851
920 1889 1639
799 1876 252
70 1289 1684
972 1720 315
824 64 684
246 703 1005
929 1603 1054
1676 1713 1537
50 1462 1676
676 1550 1215
1158 1552 1897
311 58 502
521 686 519
685 1413 593
814 567 1754
1489 570 765
1945 1865 989
1888 1164 191
691 1743 96
1558 108 115
1022 460 677
363 138 1242
904 1683 1906
1784 1060 1347
1162 1054 1983
652 555 1245
847 819 1574
663 747 1056
622 19 1940
1215 182 1197
724 1957 1281
969 794 353
195 1058 308
293 408 70
1209 838 1534
215 1053 1367
1009 1046 984
1590 1519 1431
487 1028 1211
264 440 351
39 511 930
1854 1313 609
1317 990 1899
812 874 1069
932 1136 503
175 1643 847
1299 447 962
1745 106 1030
75 1812 369
1454 697 135
53 1910 497
1402 198 570
1887 1300 1165
1218 1624 1220
625 264 721
316 27 1879
1307 1959 806
1018 1916 1395
671 1512 1559
1101 1358 1767
1779 425 666
1558 543 959
1842 635 204
1390 374 329
1153 847 324
252 1646 527
1058 912 712
734 649 1575
689 890 166
1963 499 1767
816 219 205
1493 686 581
125 556 1016
947 718 512
1590 1967 207
1789 941 776
1658 685 789
535 543 1783
899 1366 962
603 1635 952
1714 1902 1643
292 813 1578
401 1226 1391
100 357 1487
1098 1399 91
626 1859 1983
130 1686 1537
33 1107 1084
382 534 254
371 64 1127
1524 1077 796
86 1956 662
100 710 63
1699 337 46
587 836 309
473 390 1418
1172 235 384
515 438 893
1934 1709 1349
514 1455 1151
1389 42 1639
1966 935 1351
1356 1215 49
862 487 110
1037 1653 40
1805 76 1508
1058 1708 486
1948 28 1374
697 222 910
256 1146 611
216 1807 1418
983 1286 1025
293 1868 114
1250 104 1939
1160 1799 832
291 1335 812
551 1438 1343
1585 838 1995
1563 554 1133
1344 1113 1365
1805 1261 1497
1975 1483 979
1703 393 647
148 1259 1327
1544 914 466
929 96 494
125 1334 1120
20 289 314
1941 377 510
44 1263 1570
1396 87 1812
1968 454 395
1386 1879 586
1376 1155 734
1548 545 1919
536 1702 897
1302 794 1645
1851 1573 1847
921 1231 1500
211 70 1159
172 1277 29
321 1492 711
1122 760 747
1405 332 359
735 248 1476
261 494 849
587 1285 456
691 96 1285
51 1421 379
1574 290 636
1064 1894 1047
1121 491 877
1976 1129 1262
1794 58 450
807 636 1691
83 1153 1157
205 1307 1700
803 545 1753
956 1398 1948
1382 1533 80
1786 1197 512
596 1932 1559
925 1660 1498
1997 983 261
337 640 49
420 697 468
18 594 1524
741 838 1760
562 1010 1030
600 916 655
275 1167 1902
161 746 1446
1229 1965 1426
112 1072 95
640 219 1163
677 1857 1729
1172 1969 1719
1972 927 653
146 912 844
1656 725 1112
968 1827 1896
1623 763 1280
1162 1222 335
1588 1807 7
247 1574 965
495 107 1494
1309 473 554
362 1284 143
296 1638 362
1304 1859 371
1853 1131 538
1952 426 260
986 6 972
1418 259 1633
1600 235 942
727 1706 1766
905 191 564
1178 193 1561
1653 266 1704
200 1207 1880
1322 587 636
1174 533 1100
1451 1080 313
975 542 1778
1447 1034 724
1679 131 782
456 979 759
1264 1594 1269
777 751 691
1388 1561 1109
1761 828 479
215 1120 338
1537 177 901
1514 932 246
1128 349 236
1643 726 1681
9 242 1341
1957 882 1090
1043 148 379
697 1240 781
1573 1622 1318
1178 220 1279
128 1943 1388
950 1797 1308
1502 1359 1578
1577 642 525
545 223 1277
1055 652 1274
364 284 622
1834 1585 326
1986 1856 1992
107 1930 822
1153 1438 324
1852 1513 766
916 378 603
281 182 66
799 339 205
1372 391 71
320 182 1693
146 758 281
214 1058 798
217 1021 1309
304 1530 1734
1837 1583 291
1154 609 6
1463 87 1130
778 300 1317
844 692 1236
1226 571 812
442 1516 125
1889 1814 287
1717 1208 132
1507 1366 1783
918 977 464
452 1821 708
393 1245 614
1833 172 1251
1203 423 904
424 368 1723
1384 1666 392
1941 437 165
62 1608 79
1721 613 13
377 1591 868
159 1639 329
400 22 1488
1382 1483 982
304 487 566
1561 121 483
154 1313 380
1398 1552 175
1784 964 701
1074 1216 684
1768 450 812
1721 966 561
1607 449 244
1161 811 672
840 1278 1686
1566 1518 1624
1502 847 888
1617 643 339
1921 515 1805
522 813 1725
1134 534 1401
736 706 1785
1206 1634 758
11 654 991
120 1897 397
1814 558 1167
7 1739 31
1662 876 802
1295 742 1616
696 402 1491
1252 1236 195
1289 1954 637
448 865 998
1587 1752 1718
1284 1249 577
1347 119 1714
388 137 1685
1389 1841 1238
1867 1360 226
1712 507 651
378 1675 252
667 1608 0
879 943 800
49 629 553
1328 193 717
1292 677 1738
1445 1524 685
407 201 414
684 270 1645
1532 1098 490
611 1802 243
103 776 1100
1312 1693 1687
785 1259 1268
1623 1368 681
1860 1476 438
432 455 1363
1403 872 1116
904 1442 1938
574 1206 1189
1535 1720 1360
1721 440 666
393 1754 1011
1459 549 1951
697 217 837
848 378 1977
1338 1305 174
742 482 1032
579 995 1014
99 1775 1555
1968 1876 897
597 152 1101
834 1735 414
1744 1444 705
524 179 1508
218 1155 768
1182 1729 486
407 1446 194
1560 1467 781
568 94 1545
522 102 1915
1117 1958 659
500 1636 1257
401 1836 739
534 915 750
1896 544 1136
1052 1814 417
1446 1564 1759
363 1019 1898
387 921 433
1097 1823 1372
740 423 1397
698 642 235
1398 205 1593
802 1404 421
1299 1233 1285
1671 710 69
1732 545 1575
1690 1430 462
1607 958 1917
946 604 69
59 846 1348
1165 697 856
1173 803 1351
1322 902 1289
1694 1978 582
324 605 1570
866 531 965
1463 1484 1661
1882 1213 94
1351 837 234
1447 1850 806
110 1944 463
578 245 129
585 98 755
1432 1808 310
513 633 150
1392 927 1938
1026 1160 435
1685 664 630
149 1598 1534
14 1057 1364
1400 1698 445
157 1885 1870
1681 1064 1095
403 1889 1810
541 630 937
620 1075 1427
1079 98 1157
1809 1171 1233
11 1731 256
1793 1336 631
1878 496 1858
1000 833 712
1620 1708 346
1220 1981 1632
1083 86 480
1237 980 1156
1360 1253 1537
700 1875 915
390 1903 671
1146 1547 643
1626 401 310
775 1014 814
289 1599 790
520 14 1490
911 1498 1247
345 1834 1994
571 1329 1297
217 1215 1974
50 190 913
516 1711 1495
986 604 1880
1709 1788 905
1396 400 980
132 1578 837
1768 1375 116
956 455 715
1512 424 1748
1484 553 302
689 642 1626
977 1240 1493
1501 1502 178
1964 520 78
93 1139 468
355 1356 873
968 1875 358
1759 1927 1164
929 987 347
251 257 1026
1899 370 932
1483 1799 1926
1688 1467 1303
524 587 1661
1492 440 952
1713 798 1498
1610 858 518
727 720 1807
1987 1535 439
565 1696 57
1017 713 1385
1798 803 1434
757 37 57
1156 1870 400
303 1724 1148
1851 383 403
100 1358 1493
1425 409 1005
33 1967 82
539 1750 411
1309 1433 514
29 1087 1980
1968 812 1348
1696 905 691
62 741 347
596 1950 1524
781 239 1338
461 1558 1994
1355 1219 1985
221 1527 338
246 1237 955
1731 869 952
1986 1015 1469
1160 1925 119
887 1112 1138
61 924 232
1407 644 720
406 1989 87
655 1645 613
1172 1054 47
147 1402 1710
1109 962 1981
1918 532 1507
1102 1786 687
0 393 462
1160 890 73
1397 1634 426
296 350 1714
991 1072 1845
1731 1689 773
375 89 39
32 560 758
1395 1738 1135
824 1053 721
1558 1050 1284
488 669 348
420 656 36
1690 1658 94
556 1807 1994
1466 1512 696
1375 576 1049
333 1892 1561
793 2000 1795
1975 1955 1462
716 1282 165
1884 1050 1846
179 260 1171
1738 467 750
1058 1790 728
1660 1876 901
1104 373 1722
1602 1456 1426
1352 1586 840
1005 1271 1636
1168 1736 338
530 1150 692
1367 193 1225
78 290 893
905 925 1103
318 584 1969
184 739 845
1463 1214 1857
1843 1892 1545
668 8 231
1697 1795 246
224 482 685
1497 1292 1158
1175 1474 582
93 149 1335
1307 1781 952
1278 896 29
1236 1946 1982
231 1660 1786
905 81 787
925 1438 1573
1975 36 1670
1346 1519 512
1271 73 1034
829 1979 1521
853 1119 765
734 1485 1535
146 1846 534
374 103 1838
1676 767 1867
370 1151 1580
1422 1071 1759
455 1659 1692
1125 61 1295
1972 232 816
1480 359 1595
1156 867 1630
717 1302 818
1804 996 1967
1977 1605 592
1824 238 1342
1623 1869 1018
551 316 1835
84 1248 165
1767 551 423
555 869 855
1399 742 1063
1498 820 711
596 38 1253
1609 437 883
58 1183 1081
102 1802 456
1454 234 1990
103 1048 1078
1300 152 1076
523 984 1341
625 1608 1310
1940 678 775
178 1601 1538
726 600 200
1051 980 1066
969 1142 1205
57 772 291
1540 1233 1481
685 603 1177
500 1028 1087
1674 787 1558
459 279 1731
71 1976 348
1304 1841 1695
627 1812 1410
201 348 941
976 170 224
681 151 13
763 964 1776
550 76 1808
536 1526 254
1357 651 1920
730 1538 1962
622 1266 1996
1904 520 1569
1552 689 1146
1634 1944 1
1250 109 1900
73 1183 303
868 1579 1044
