200
133 1529 1777
373 1410 538
1876 1075 1398
128 1924 1410
1684 720 1475
1737 1900 1766
1358 1365 1350
915 1332 1015
323 1698 1726
1001 1237 1760
1451 1704 1614
1991 855 71
117 643 1228
602 1480 1939
1390 111 1896
1833 1850 431
1393 19 782
1983 801 1827
1595 1124 1732
1713 227 1177
408 1962 411
129 200 1939
285 1994 1888
269 935 1659
190 1337 619
1433 122 1996
250 851 1200
779 453 986
1084 1988 1297
122 669 345
1713 1792 1997
1920 479 946
1437 427 809
61 413 870
64 616 174
1388 1051 1488
1648 1096 1202
1421 251 1932
1530 133 472
984 348 734
452 1322 331
1072 846 627
314 1405 1435
1739 188 373
620 877 1652
914 391 393
1365 1173 1305
1955 209 169
743 692 621
828 1552 585
1418 790 1672
827 1337 341
661 157 835
494 545 608
1403 659 232
813 1359 370
971 749 131
1296 1342 1751
1595 848 1518
736 434 296
1077 206 1331
408 766 698
210 754 1387
857 691 296
1148 1141 565
393 1304 1201
549 692 469
128 846 1446
893 230 1571
1988 1762 1803
978 1144 806
1336 1053 210
1940 968 1126
1098 650 56
1173 272 575
1958 1870 520
703 724 345
1520 836 724
110 1501 1682
1685 429 1569
799 1330 1334
514 1864 898
547 577 1025
1427 493 259
1999 1136 1620
1658 1228 1403
119 560 282
1251 117 409
859 1628 896
324 1347 249
1513 1187 622
61 1195 1166
536 1836 1674
63 563 607
568 185 964
479 793 1040
1966 1519 237
25 1830 1467
1068 824 1246
931 1208 1285
1283 430 570
1771 617 247
1903 848 1067
1070 1385 1985
503 852 1261
1335 1063 1087
1716 1965 1952
1651 475 1925
1390 1723 1070
292 1241 578
1238 135 451
1484 1980 1539
1619 1534 1377
1761 869 1666
1348 1447 874
1481 1798 505
327 175 1814
1434 864 404
937 981 271
370 268 387
1679 379 1898
1894 1946 1187
35 1511 1927
1818 1130 1658
460 88 963
596 616 209
1039 709 1969
1119 1168 1751
1622 1281 653
274 452 473
1989 25 1396
1041 1157 408
400 1631 574
1437 777 16
761 1786 1134
7 330 1258
1987 168 244
823 1393 1563
885 1994 717
1041 1456 1292
1640 1981 1395
816 1771 291
1942 764 1275
1579 1457 107
1555 1506 341
223 1788 642
705 267 1821
104 42 965
569 298 294
1999 176 668
1454 1230 1043
628 79 136
1483 1609 1904
279 1445 1379
1615 561 1160
993 1011 1869
1511 232 1153
777 559 1544
1732 592 620
773 1802 1908
662 319 422
1003 1718 697
1941 1692 191
1562 1018 1438
832 1198 1662
1238 1473 1135
1056 1474 1400
326 538 216
1204 268 1325
1030 844 1487
1296 1100 1739
305 1371 1407
1867 1439 1434
426 779 1129
1853 847 711
1436 1119 1569
1156 104 1714
360 584 1901
1891 671 578
173 1404 198
68 1505 1144
1123 721 1397
260 1816 392
835 1171 454
1982 1188 1812
450 465 100
1892 1545 802
1282 455 1104
1532 1902 398
532 1100 980
1094 422 507
1202 771 70
577 1707 114
1645 1699 1397
1782 1610 1503
1696 1414 687
1852 1262 1347
1788 1114 1065
992 227 1648
1396 1407 1405
