50
136 182 1801
509 1400 1521
423 1107 695
1009 1117 833
1446 1192 141
1294 767 1493
403 1244 1942
118 1150 277
1192 428 756
187 1113 1681
1396 242 1033
1145 818 1777
1500 1239 740
1050 1631 1493
29 1993 491
1889 1656 873
732 822 1851
1724 859 1613
1065 348 651
1587 718 1467
248 1398 534
402 838 560
1481 265 335
1298 1526 709
831 583 253
431 1270 1311
1161 40 16
1411 1784 1782
988 1696 1231
240 1045 1628
1850 1242 1055
1959 649 760
1206 936 531
1101 1818 684
155 1912 132
1546 1158 79
614 1041 645
942 1286 1506
92 191 967
1366 1655 878
1223 1889 1163
596 485 1091
1613 817 460
799 1907 1427
1526 855 575
871 179 1629
673 1100 967
1860 225 1820
506 518 819
1267 952 60
