2000
1224 1614 1864
714 206 970
1972 1917 927
1031 1682 1090
599 1220 1583
1396 449 1303
1576 1904 1363
1383 443 1313
976 1607 448
391 1908 595
1991 614 633
394 722 1448
1800 1438 404
1269 541 722
1684 1634 1254
120 628 853
1819 1852 647
1541 1879 1742
864 51 928
1019 1037 137
1490 1625 1443
1842 1377 1579
803 1006 242
1663 782 1010
365 1410 618
1275 45 816
897 961 504
444 649 534
1447 27 1854
706 619 1875
55 964 1170
1956 61 381
622 1528 1592
1460 417 634
653 1619 337
1523 212 371
1946 547 1023
1188 1443 1387
1397 1578 1403
1887 1114 284
644 775 1525
848 1501 707
1449 1520 1116
725 1924 1461
847 1114 274
982 1669 22
1796 1193 1218
1855 1118 1264
210 905 317
1827 943 231
1831 1533 471
1121 1620 821
272 84 1564
1100 1174 626
1763 978 676
1661 114 685
1979 501 990
1756 1906 1801
1843 1178 1933
645 1775 48
816 120 336
697 366 1728
1003 510 1807
414 681 1706
1884 1994 781
1708 1710 1207
514 128 1386
1837 123 987
743 860 1949
673 289 1729
374 655 1049
704 500 410
957 1472 1789
477 998 1420
2 1965 492
1825 1006 663
221 1477 1800
1696 244 1468
452 412 1721
1269 963 140
1191 1048 972
1928 1572 698
489 840 1445
984 1358 300
1034 478 897
346 504 300
66 1113 1165
423 730 782
324 472 1892
1779 1151 1104
153 341 1862
408 168 280
495 77 921
700 1495 1985
743 288 310
1764 1654 63
1702 1198 108
720 905 1383
792 1611 470
1685 837 1781
1315 290 1787
1060 1400 1856
587 1275 1707
920 196 333
1523 976 65
496 994 428
119 740 970
307 72 183
1155 967 1727
1659 371 278
1951 1810 91
1886 755 1523
822 1983 1815
426 1612 1991
837 866 307
692 257 729
11 842 696
1928 1602 1466
1820 1061 111
200 456 1663
176 828 159
1023 465 618
1231 206 263
1785 180 32
1747 1323 1933
378 1202 887
1143 402 332
1297 583 731
392 1777 1115
464 1341 1301
1948 230 639
1631 1406 173
111 1745 558
1305 1747 27
792 1222 348
74 1216 616
578 584 313
1789 574 1685
1405 551 48
1449 655 1017
1940 1720 144
1860 354 470
1030 80 1865
1657 1639 1443
1854 1216 490
956 707 1604
171 1385 1306
669 1099 1007
639 185 925
1340 1347 31
704 1107 1226
1370 476 102
689 1159 1226
970 1094 1808
888 837 1449
775 1270 565
482 209 1659
1723 814 708
194 1778 1005
1317 1078 1896
146 393 1383
809 1878 1825
371 1889 1347
1595 294 357
1553 1759 1048
1920 1863 673
1635 84 1407
1343 555 1560
303 1368 61
754 718 773
1352 1797 120
586 892 1520
1124 1081 42
1003 940 124
45 1654 1002
468 891 991
1742 967 866
1770 1246 108
1345 438 24
1558 1081 1984
1579 1966 793
1484 1987 23
9 14 915
555 912 1465
337 1453 1895
134 1909 583
950 751 1216
1235 965 506
1349 1655 1659
1303 1150 915
542 734 1066
1245 410 1105
277 551 1338
1054 1331 441
839 1354 326
1697 1890 691
606 1774 1012
787 1288 1297
1210 1840 1603
1486 1126 1974
1469 618 845
1138 966 1563
775 1485 672
8 1628 0
1641 1324 1976
1797 455 1715
1421 1148 1277
847 1051 611
1012 257 1402
674 1024 1234
1892 1133 904
330 912 826
1202 218 7
601 1927 899
1872 1963 127
914 13 1532
1074 719 1625
572 743 1056
143 1631 1158
1457 546 19
551 1615 181
1830 276 74
1812 1140 157
367 518 955
1577 141 1322
514 57 85
457 1624 812
200 762 1007
564 1885 1083
16 1194 641
1447 643 206
229 1316 796
1661 447 840
1724 681 808
185 1101 539
829 1453 902
180 870 155
1655 1464 786
352 776 1642
1861 1809 1286
1189 1174 1397
1435 830 1870
142 835 1294
359 1511 171
1771 717 507
979 112 948
89 1779 1699
967 1412 1299
425 1414 639
786 122 442
807 532 1676
1862 141 61
1543 1431 1698
678 159 273
689 332 752
1547 793 144
1194 1361 1107
100 1664 78
552 1939 832
214 287 255
19 671 1287
1560 1463 1707
901 1342 1916
386 1173 1399
1863 1656 62
87 186 1156
390 339 1374
793 1001 1659
1021 211 1612
186 1352 1300
792 347 612
957 1515 427
959 192 859
446 965 2000
1895 1328 259
814 17 700
639 627 1483
1582 821 883
412 220 16
754 976 1853
125 808 1026
580 218 1745
1519 1947 1250
255 417 839
104 1265 1645
643 801 262
105 133 265
407 1415 856
1884 647 391
1954 941 856
365 1750 338
1228 141 1570
1231 954 529
388 1026 231
1465 1755 1557
110 836 1979
1377 1171 1399
1851 1429 141
1005 1809 135
1062 36 133
410 785 1665
341 1106 1364
3 177 756
569 1619 1450
186 535 770
1165 1120 1548
1318 1531 1816
271 351 878
1248 1264 680
870 750 282
1785 639 299
1146 80 1748
224 582 1783
1907 1613 1444
965 1869 1164
636 745 1819
280 695 1829
999 1932 618
856 430 987
1285 1801 732
691 429 1627
361 1121 912
1278 1951 10
1718 1193 206
312 210 659
817 1964 898
1935 33 1601
1925 384 1124
688 446 157
149 783 58
1437 502 1749
676 822 1443
840 1141 1571
1297 482 1403
1437 1866 1147
1792 1813 1075
823 1543 1900
1184 120 1065
576 1779 1433
1176 1073 745
308 7 881
1411 145 30
301 1385 1803
1318 418 1751
1075 844 909
107 1896 710
852 960 1611
747 15 785
245 870 1421
1822 863 1299
1513 1834 42
427 1211 220
1766 576 650
1138 1571 14
1923 1310 1939
910 47 41
1634 1222 1577
1374 824 1945
217 391 1531
253 731 1527
1576 268 1672
1171 926 1921
387 8 1061
1218 169 1837
1734 221 1925
651 1045 374
1330 1864 465
1757 73 631
979 1438 1096
1966 1267 1961
421 1066 690
452 132 518
1780 564 1007
801 1654 759
1882 57 1951
949 598 1484
899 1478 914
1707 1125 946
121 1450 113
270 145 1396
1710 1785 781
1682 429 1381
526 261 402
1019 1329 1328
840 1972 222
999 1038 1845
1497 1910 117
1624 307 226
1160 1330 1066
610 462 444
227 98 1580
104 1635 1951
1182 557 389
47 34 1108
949 822 1446
599 48 766
1439 1377 1035
585 766 1584
1437 1357 1103
106 180 676
943 222 607
1733 736 1078
1376 1502 1315
1138 1300 1906
14 1489 1798
1114 1687 786
1490 1836 37
1521 1695 452
693 855 468
1769 1556 1518
1958 830 292
767 831 1886
135 1680 1585
1536 1485 633
1860 16 1343
1477 372 1298
1113 1384 1947
1270 1070 65
977 1907 1548
320 1887 1092
1484 98 648
50 1683 1788
211 46 262
1822 1706 362
1303 618 178
1818 704 1635
1528 350 76
1806 1615 613
1363 1048 1985
1331 91 1072
821 227 297
505 1656 1732
1432 391 1749
1602 1412 928
1660 1965 1442
1115 436 1248
288 1038 153
1998 1315 1812
1454 100 1036
12 188 418
945 1757 1284
277 1765 1158
1854 646 1569
1075 345 1253
556 527 1269
309 118 1192
501 235 549
936 1552 418
1569 1685 1045
1128 1780 90
1865 918 1005
1931 1589 337
1828 255 1632
1802 1466 1198
83 714 1012
826 224 1925
1434 1008 1382
1111 1904 528
546 254 905
1815 661 358
1396 410 1452
175 1292 237
189 383 966
123 1239 1590
1180 430 1464
368 4 424
630 171 632
357 1187 1213
591 755 715
401 333 92
1889 254 918
303 1378 922
250 769 1925
1501 425 257
563 181 1669
1684 876 426
859 1027 1424
266 1128 1889
1469 1554 1104
1732 1175 833
1895 1258 1772
1364 1172 1237
1347 81 579
956 650 1783
475 1160 1217
1973 455 1576
1525 1855 1486
277 1804 1249
7 1266 1752
617 1385 244
757 1889 534
1956 310 921
396 1046 1833
756 1868 1579
1022 947 719
1168 87 790
1004 957 555
1411 1589 291
885 364 646
1996 856 934
941 282 7
804 406 1002
101 940 1466
986 1888 1039
1084 11 1378
1550 452 1084
1700 449 1612
1587 1187 1433
1651 206 760
1761 674 499
725 1864 1442
12 813 833
920 1506 597
990 1617 1151
1362 1311 1399
98 250 1917
514 1492 1040
1915 1598 694
695 764 931
1841 218 1527
877 1426 1743
792 1677 192
1691 446 44
79 768 1415
1322 81 1776
1088 809 1354
390 1808 812
1878 1416 1030
1502 1800 1077
1547 1262 1188
1782 194 1570
1442 312 38
1561 1459 913
1718 1684 1970
1028 1020 845
505 1585 0
209 1359 1562
803 685 1415
664 1412 1686
432 1766 1802
149 1228 350
892 969 1274
1705 829 215
1573 200 948
925 1446 1253
1448 605 949
1168 61 1052
1452 1999 1412
657 1362 161
890 62 1260
1739 1501 938
661 1633 187
1354 1919 163
1353 604 672
109 95 147
429 1859 1828
399 1088 1379
1005 1374 1889
930 1642 1985
191 678 1311
1527 393 832
1577 1368 627
1933 562 1719
434 1558 864
577 1295 1605
189 1048 185
1280 969 1163
983 251 213
281 539 975
1721 1527 1828
146 1849 648
1285 903 1146
4 1361 1226
1453 1353 522
22 1049 908
1308 494 971
529 801 526
1949 1848 45
1857 829 212
73 1951 269
987 1406 112
1575 362 208
504 1380 1113
323 1250 215
1506 1498 1513
1378 511 626
450 508 1661
647 1880 478
1062 1267 1392
1937 1622 1709
1726 474 433
1472 304 932
38 1307 366
830 1738 239
415 1521 218
346 1487 298
1171 807 406
858 1632 870
699 992 1393
813 1593 1263
1364 366 500
214 71 424
1339 1005 34
1279 787 212
438 1929 1847
171 1045 1256
1947 225 1550
356 317 1544
580 398 234
672 497 37
964 1705 913
852 1562 67
1620 1706 1984
1105 620 1481
284 402 1963
662 1267 13
728 335 1357
204 1154 650
276 1591 302
1600 760 1547
224 956 1624
597 302 1200
401 948 1235
1304 1141 820
712 385 907
167 969 1417
1830 1211 969
240 1764 1922
302 1254 1439
824 1854 1753
25 1005 619
502 1412 1289
1652 1296 1287
110 1662 1904
1299 1929 1727
1244 1060 540
438 1062 1082
39 390 448
1645 1307 1570
928 708 453
1308 1443 473
950 1015 490
633 605 145
1017 906 1265
1763 240 265
1573 509 1621
1727 536 1831
1697 802 977
813 627 595
113 323 1641
911 735 130
703 421 288
1008 353 1320
1807 377 790
910 466 1947
1819 945 462
421 570 1732
1912 1325 845
1551 635 1673
818 1061 703
984 1017 636
749 404 1333
1212 1540 563
1183 135 679
1455 1402 1992
1747 387 1698
211 1307 309
1626 160 765
1986 1641 1620
1215 1665 1101
1396 1180 168
915 1029 557
937 226 1043
1869 299 4
303 1375 106
891 603 141
1385 1656 1772
1471 1236 1930
927 1565 1568
750 1310 600
241 308 745
1494 1399 1083
1991 494 1138
291 1860 1414
1517 1273 1826
1156 228 25
1533 1434 163
1204 1266 597
1126 27 1836
1674 1014 730
299 99 458
112 266 1211
1439 1160 530
1456 869 793
1717 6 767
593 1397 1184
1847 1115 794
207 1574 639
1510 41 10
1778 1112 1724
36 94 1031
1188 1173 315
595 1992 228
1168 926 524
468 1614 1340
604 1020 1613
174 851 264
1630 1655 151
1545 729 124
552 1594 643
1610 1268 699
102 1757 1393
1242 1477 795
96 121 1916
170 1634 220
845 881 272
66 625 435
1523 732 72
766 733 394
722 1832 1878
1053 1834 1388
1518 106 1636
976 852 149
1049 405 1503
1371 691 1692
1341 368 394
565 1689 1835
465 19 1047
741 1214 1226
1052 1085 1302
727 1814 929
1779 50 232
1072 1049 1089
1286 1111 364
1512 1414 1150
230 1700 832
249 1017 866
1972 1354 1730
1078 792 1557
1406 1818 322
1331 1072 1787
437 1601 1667
1790 556 1239
465 827 1301
1116 1958 1255
1854 1768 579
634 1218 1673
1198 102 803
1714 1138 754
851 1199 92
1078 449 1454
1664 1559 170
1148 456 32
1590 46 66
1214 935 1539
814 1775 1371
1431 715 1577
1886 1000 1406
305 1076 936
785 964 1169
142 1640 1259
1939 1460 1043
1440 1999 895
1316 1151 1838
987 661 1194
972 1026 67
1087 533 1342
1043 666 612
1517 1903 1179
1962 864 343
47 1877 1207
1123 1601 336
537 675 1558
1629 776 175
1805 794 1492
680 1711 488
1444 1837 1239
219 1457 1150
1316 1768 1588
113 621 1276
880 91 248
914 1784 1869
173 1264 595
681 585 350
1631 1883 206
173 337 674
663 497 458
1509 900 531
948 1675 885
1682 855 1403
369 1731 1612
315 550 222
379 146 1858
451 392 1873
1200 1591 855
1058 470 362
505 1295 1511
1009 870 1169
357 443 694
1272 1697 1420
591 292 1451
1904 1294 150
549 1518 822
1128 1506 1539
1347 1381 242
1080 1565 481
333 91 925
1198 94 1627
44 1119 1956
1771 1564 1066
909 796 787
1629 906 1438
1933 706 616
1444 550 1734
605 1509 1712
1379 1677 647
270 1989 422
170 461 1609
1345 628 1825
1635 334 123
588 904 496
1865 1805 1711
330 1206 1055
1861 578 648
1530 641 1190
1478 84 1221
1424 860 679
1855 1647 1337
377 267 1817
1110 158 1321
1920 396 229
202 1037 1428
461 150 827
911 1766 310
1074 382 1330
1746 98 1272
1930 1775 646
760 274 533
40 439 1732
907 1887 241
389 1545 1029
280 1772 1283
700 300 112
1492 1486 18
301 189 1648
632 685 1172
1986 479 676
416 93 442
1295 1137 1025
670 1776 780
1830 1525 1487
1120 884 633
757 241 903
1748 13 1763
118 1075 1681
1850 1233 1724
1678 308 1477
551 1262 412
1368 2 1251
1665 1712 76
1059 263 849
1983 562 868
455 112 1703
1918 1918 1476
1059 242 1778
1448 1044 1386
1075 1630 1851
1438 322 659
798 660 700
1210 1534 27
1220 220 1774
1729 753 1853
1429 1244 1601
223 562 1963
515 113 502
803 1826 486
961 1621 605
927 390 25
1087 330 1545
1350 1221 1077
729 572 1157
754 1690 1970
1108 347 771
1009 615 254
402 865 1004
1460 275 1192
737 820 1542
1260 1247 129
455 1754 875
1137 317 1295
992 1006 278
1420 703 1170
521 1461 1566
1867 1542 100
491 1665 855
822 941 801
831 1769 357
1492 162 1202
1887 1476 889
1789 157 158
1971 1843 1112
1679 1629 323
1370 209 1149
1459 664 900
300 110 745
1580 68 1098
755 1352 424
1714 1921 1539
784 687 1459
1644 1533 1904
336 1558 351
1881 1290 62
1575 1408 360
1377 1931 1592
1413 966 1761
1746 1905 1245
1634 1729 847
1642 1629 867
459 59 1802
102 1512 1298
1471 54 1269
756 809 1722
1686 1695 67
309 732 1731
742 871 1311
1258 371 673
738 1630 1593
1155 693 699
1680 1662 1702
1310 1390 1805
1003 62 444
1895 922 1572
91 720 1063
142 1166 29
1417 848 423
840 477 50
1557 1993 781
419 1094 1212
889 674 1132
1055 934 153
1427 1001 586
1901 478 1589
719 1575 1543
369 520 1621
1260 1896 799
1644 1349 1861
911 1048 1250
1627 227 236
1421 746 975
1636 1209 1404
358 1800 1330
1714 55 419
1138 1147 1771
805 1894 245
1434 1877 523
1797 1696 329
832 670 1124
1696 552 1167
587 911 1111
58 1387 1503
1054 651 1859
60 133 1176
1818 414 1635
1646 1446 1670
1346 564 1812
1286 1382 1721
465 1755 1898
1797 144 177
142 1955 1111
1052 1646 642
134 1173 1813
1155 569 739
1489 1578 1745
1254 252 1710
841 211 191
202 734 584
465 87 553
176 1520 178
678 186 431
869 1557 94
1911 374 715
1224 1364 220
1493 1526 720
1072 1215 647
1571 1139 1425
336 1264 1696
832 603 794
1585 1946 200
1204 10 1846
1656 1095 439
1303 1295 926
853 379 1650
1879 523 1582
249 1351 762
1754 1985 1649
889 122 605
1930 1182 1298
432 305 741
569 1371 441
394 1909 957
807 270 851
1422 1198 895
126 1150 1267
159 1732 17
734 339 243
302 1731 734
544 684 15
413 634 1295
1575 92 1146
1823 71 1789
102 827 1149
1980 3 971
163 1932 1596
263 1110 474
1243 1926 1602
1533 895 1123
851 185 1460
1933 1778 1983
601 654 66
822 321 1516
1888 1992 1445
1447 1606 1351
663 469 216
1708 21 1270
1310 1410 748
1564 646 1057
268 1764 497
32 1304 1212
1609 596 56
1293 442 1685
1896 751 181
1613 1480 204
1043 237 920
180 269 820
1199 1606 1191
791 853 1372
258 421 1159
1956 1364 1336
14 215 971
1853 611 372
1538 1384 1486
391 273 913
1387 287 732
790 747 163
249 285 549
1804 726 1975
1250 1711 1890
1038 874 1887
333 1851 536
571 731 1815
521 1609 1423
707 928 1222
1924 1254 1645
560 667 1797
1829 948 1321
1300 414 1111
1320 1400 1105
216 573 948
249 1754 408
583 579 1029
117 1680 1241
354 315 976
273 1837 785
665 1242 1251
730 499 700
412 1742 1394
1959 1811 265
1935 1879 1019
1193 864 346
382 42 1947
713 1561 1505
770 582 245
312 1197 210
675 1336 1561
639 1884 1713
1695 1666 705
1368 159 360
1839 998 1351
435 1480 311
1212 678 1328
1136 1778 945
1624 1668 301
782 611 83
1227 676 559
533 1117 338
1454 965 11
423 1062 1887
566 1653 1262
39 455 1308
1453 14 1714
495 1773 1918
394 1958 1172
886 35 567
844 626 218
464 1417 673
1047 1127 709
1623 1365 1263
1479 439 1043
1873 1413 691
1474 1909 1525
1404 1692 616
119 1954 1012
2000 1694 1993
1899 776 378
594 41 1056
214 801 9
1165 837 1664
611 645 1004
547 0 1980
532 1586 768
962 361 692
1657 1983 1848
968 1863 1210
835 1478 199
796 1147 170
1860 348 421
1569 1218 438
123 1283 1261
1791 1581 1517
1779 1119 260
1300 1903 1296
364 1692 615
39 56 924
719 1421 913
1844 1183 1802
1466 1588 426
108 1581 1963
1008 1326 1656
1154 747 1920
1173 439 649
401 85 1727
1053 334 1529
982 1578 1241
1258 105 46
1267 1505 1964
1098 1452 436
1139 422 1565
922 300 1699
1650 376 1449
714 718 1141
1120 1551 584
1546 28 195
635 471 1516
222 980 1740
184 279 207
1222 209 1941
1244 1109 1896
1859 623 1298
213 1136 470
10 644 1564
1889 1242 563
792 1769 859
671 109 1836
167 1303 570
414 1956 101
45 703 1418
179 1334 1053
1895 1750 1989
1845 1446 1714
1129 692 893
395 1523 137
751 1830 150
745 37 604
422 600 1560
76 11 451
1349 1803 519
526 436 121
64 617 197
996 372 1202
1868 1134 1769
1731 296 210
75 767 1036
1964 291 1874
617 1216 1615
543 1573 492
1158 1195 1670
442 450 251
1096 1074 1236
844 325 664
1068 283 1430
1652 1491 430
357 1974 755
519 1270 304
31 567 665
465 304 167
49 589 765
1246 932 383
1322 321 1231
1591 513 294
286 383 1836
18 1751 1721
1446 52 432
971 1846 1545
1869 893 1620
1964 1197 1507
1107 1851 1170
1296 1436 906
1451 1897 1516
1177 1683 514
376 1182 1021
1605 1531 547
1365 482 1867
1738 1174 1977
1591 1829 1796
1344 1888 1183
1811 1471 1456
479 1714 927
1304 783 736
1413 494 1554
15 17 393
611 578 1804
1321 646 439
1524 323 1423
1509 903 1557
550 1418 1823
1344 71 1217
697 1229 1364
554 166 1297
167 962 1673
648 387 742
559 801 1131
1338 1998 1106
1417 447 986
1793 1207 70
1121 689 317
1287 8 1708
44 456 382
1745 1743 1511
1329 1130 1674
847 1294 719
1056 351 734
1555 648 1058
1358 1650 877
1064 1048 1645
910 1732 3
1966 1024 1375
1717 821 1739
1759 1327 429
320 946 1826
1768 1242 1323
1515 1397 192
585 1780 1405
1157 343 634
1938 1080 1487
693 201 745
1307 735 1415
1816 1629 517
1215 257 118
413 837 956
702 1344 1675
451 1073 663
929 880 1024
1682 1680 577
1033 236 1730
646 827 1398
130 311 1278
1155 1804 147
74 746 227
1752 356 262
647 1092 1114
1326 35 1491
1295 1628 932
1417 1605 783
1796 1774 507
1411 128 1768
1892 1555 1896
1979 270 1315
299 1583 331
1838 1899 775
7 770 1036
240 1133 1496
1814 779 1140
692 1691 1039
1813 1346 552
1005 266 209
957 1148 1944
452 1181 1257
810 1528 1076
1107 1882 412
1560 935 1493
860 864 1682
464 232 1199
1225 983 1469
692 1431 929
956 1690 1855
270 1227 1225
884 1588 1154
1471 728 1969
1671 119 1826
551 1525 83
844 170 1748
267 443 715
419 1534 971
268 1500 619
555 141 385
206 183 629
1817 360 850
220 1448 1861
547 402 485
257 73 826
1489 127 217
1227 664 896
349 66 916
5 1665 528
1859 1623 660
824 1752 1751
336 1953 529
1857 789 928
1453 1835 55
1631 1051 879
1385 693 485
72 1637 141
1251 949 1505
1125 288 1987
884 455 126
509 1131 1015
1930 1338 1459
63 156 1388
779 1785 1842
871 1999 1609
1544 1076 247
338 1367 1080
1644 45 1773
1729 1477 946
758 1853 1566
632 1201 1370
1801 112 1109
423 1251 1122
891 1831 1738
110 908 981
75 453 59
610 1181 1790
1077 1586 1954
1086 812 1227
1665 1640 1724
581 981 1763
333 1621 1406
222 1961 1533
444 458 1745
627 1504 1944
1124 295 1697
1372 1517 1863
1043 1537 653
430 592 1736
1831 694 1959
32 1219 1115
23 383 1003
170 1053 553
502 272 598
1714 297 1819
219 1116 762
849 1605 406
1296 1202 1940
944 1125 1193
1355 56 1439
1197 517 1082
1234 145 777
1194 8 918
1331 1769 1213
138 314 1522
469 290 143
591 1118 836
832 653 147
675 156 1324
1128 519 1436
441 779 1407
93 484 926
1160 1141 1025
122 128 166
1809 1020 789
1396 368 732
414 1702 1388
415 412 1320
696 1708 594
1920 637 94
122 22 1451
39 433 189
1421 1369 748
127 1108 1597
1778 1026 802
1197 202 1763
453 1603 471
515 1067 392
1334 420 217
940 1205 498
1716 1309 859
1779 1728 1421
1986 1296 450
1264 1811 1647
1871 225 350
1412 673 990
544 77 70
414 1767 1155
1696 1284 286
678 679 1785
1512 993 238
491 660 1913
757 942 992
157 1289 1659
795 187 220
535 1570 826
630 770 1694
1909 1878 1228
1363 674 1231
778 124 0
166 625 1768
1809 1492 418
204 808 1031
1391 86 1571
1568 323 384
1077 815 161
1330 1494 1911
1931 183 1652
276 184 1276
1036 1572 271
298 88 61
1312 520 1867
2 162 1554
220 606 419
1106 595 1000
142 120 1153
544 1303 794
872 1987 1248
1214 1246 331
677 1757 735
1301 1779 367
516 1107 574
1896 664 602
583 486 370
329 959 360
788 86 1105
915 365 1265
1681 1726 14
379 1777 793
1374 56 1871
842 1411 496
1891 1207 1536
633 721 233
1192 1692 1257
789 1969 492
815 1164 469
960 129 1405
1785 40 1374
761 337 1662
1659 440 446
160 628 95
917 653 942
1226 558 1829
1192 382 1562
491 1345 1666
827 674 319
989 54 1153
1148 1016 769
1760 961 78
413 674 476
1994 64 1166
351 1541 1918
669 1576 1377
195 1732 667
1071 30 770
1397 916 297
228 1355 860
837 1166 1037
1671 1888 178
1820 1891 1109
1434 710 1874
362 1411 331
451 439 933
1947 653 722
1021 782 1332
331 1923 760
615 1467 557
800 746 1664
1599 1462 1087
674 539 1941
1674 1022 1371
1680 1978 868
178 430 1688
1377 1609 1137
1632 1138 282
1855 1232 1425
1626 1707 15
712 1986 997
1357 1681 276
1287 1612 925
1245 191 1562
1941 263 1159
344 578 1204
97 575 1639
1273 555 540
316 584 645
151 655 498
1259 1867 1901
394 169 1609
1280 226 1124
858 1772 1554
588 122 1415
566 1311 1297
1533 461 970
1568 1771 350
724 960 269
1302 1452 1877
1619 1841 1612
695 1990 323
824 1906 1385
281 903 128
374 955 1228
1737 302 1043
1612 842 1754
19 921 781
815 1432 486
110 393 1066
1097 869 1608
1947 189 1997
1356 200 1549
1325 148 605
163 1279 1989
1904 1547 252
1926 1725 1104
606 828 1095
1594 700 948
890 143 1263
734 318 1078
1293 99 1717
1283 1671 917
1497 1592 1139
1705 165 1064
1076 1966 327
1368 1294 1267
637 1864 938
1029 1158 145
1052 581 1481
1550 1547 1624
862 888 113
867 1413 692
1172 1210 123
928 2 1243
951 819 514
1043 188 1383
1494 94 1420
690 1700 1573
1431 570 1135
1430 961 1926
1252 546 1584
747 1269 210
1235 1733 358
231 192 1939
568 620 612
1518 1713 263
981 106 544
1685 1961 1280
254 1487 900
417 762 489
231 1174 1090
1415 972 1116
1163 473 1883
431 1609 1628
1627 1936 70
1630 976 1008
1340 1295 1919
1330 1628 1796
1091 1003 915
145 1447 1985
613 1251 1063
145 1371 1980
1208 1769 1261
332 826 994
1537 1625 1072
121 1257 1430
644 507 1996
1750 1689 1526
1076 459 1748
895 793 564
972 247 1089
1022 1039 902
1702 1651 1358
1295 1702 833
1356 1070 1156
1009 1791 1590
773 1688 1554
300 1736 782
521 584 1603
1142 377 346
1507 418 682
1476 342 541
660 1555 416
271 826 990
96 299 658
260 512 776
113 1302 1083
671 776 659
658 1698 249
855 15 867
1159 1986 1219
656 1125 814
1203 1781 56
411 611 693
1467 1388 1902
1159 1695 804
1025 1059 1368
1937 54 1159
105 1254 1144
1433 1411 1138
757 1528 876
1809 120 892
1531 1740 1086
436 801 32
229 555 1874
1117 973 926
1496 1661 1144
494 1856 484
459 1983 23
1202 1322 926
1965 1002 1370
513 828 1823
920 643 286
610 509 636
1014 1164 1584
1928 1110 351
817 1153 1954
1778 858 504
674 152 581
720 982 1026
252 1182 798
1403 39 1369
246 1595 857
15 1529 408
21 396 890
453 1747 435
408 1091 284
433 331 1691
1755 26 1812
1332 822 946
398 1758 1019
630 432 1288
645 148 1302
1608 1123 787
879 194 350
1333 1401 580
1616 1843 209
1700 1598 1799
1527 1757 1137
1182 452 337
798 709 11
818 332 1089
1366 314 727
1694 522 422
1354 524 975
1838 606 1046
1634 954 1181
358 1281 1809
986 1946 1952
238 1925 510
580 18 214
1574 1264 1335
289 334 29
1712 763 848
1923 1133 626
557 1582 1952
1709 574 903
1564 1779 585
463 1365 1328
907 1555 1860
1280 755 1629
363 1737 221
1418 1966 1243
40 1809 7
975 205 1092
1180 1422 180
1404 421 1185
251 1518 777
881 1990 514
1017 990 932
831 1249 989
1866 206 137
581 469 873
1006 244 69
431 1098 453
1656 897 1024
1247 730 638
1458 1717 332
1158 1271 1944
929 88 1989
495 1098 100
1800 1360 1892
1420 382 958
176 1884 490
1465 1931 908
1013 394 880
1590 381 1145
869 451 457
467 713 133
899 1129 882
971 67 1928
1235 615 1483
168 1431 1231
1706 679 1133
1636 604 125
1923 1500 1135
1578 757 1642
1819 1208 1355
195 1218 1470
1169 1800 510
1145 1280 638
960 1459 928
898 533 1374
1771 1949 671
951 963 988
1100 197 529
676 1027 1537
111 899 403
49 1797 292
1507 1062 1355
964 1068 1447
76 1130 648
1306 861 752
517 1830 919
1971 854 1123
571 1241 1515
135 1138 1794
601 1060 977
1426 1148 259
735 1603 703
1589 1627 482
346 594 1865
445 1854 1760
301 746 267
99 885 354
1706 1958 1467
831 1532 252
706 1467 648
1437 827 1107
1722 1475 67
1391 1625 1478
875 1192 1593
1886 1821 509
1461 1994 846
442 941 1658
633 966 1502
1723 704 420
1769 435 1057
1360 72 606
1364 1035 97
1050 1379 436
1869 905 508
1464 1416 1910
138 363 239
1891 930 1895
357 977 133
1235 20 118
1008 1287 636
1169 72 1913
1282 816 1662
783 1980 655
1195 735 758
1460 1497 468
296 426 884
1689 1686 99
1940 658 1984
1405 591 1912
1447 1246 628
1395 961 304
1082 521 245
626 1858 1663
1405 1166 307
29 452 325
1495 333 294
727 911 1304
1533 852 1279
176 1873 692
781 289 1500
619 1334 283
104 1754 487
835 1974 1612
1406 1576 1537
1772 554 1406
986 684 1229
691 1338 1934
746 582 423
1979 1114 502
1812 1866 1325
491 766 1749
794 54 117
1933 652 1670
1454 1534 1456
764 1807 201
1014 1992 1186
1105 1112 1395
628 1448 168
268 1017 1978
933 411 784
1983 1895 1661
1579 1556 1704
1326 1434 400
1205 652 701
154 1446 920
259 885 1149
840 905 1627
569 1413 106
1583 999 636
1392 1078 1063
108 336 385
71 21 950
102 162 1469
1666 1645 1075
410 549 89
1676 594 720
1339 226 1945
632 106 1546
192 1531 196
1761 15 1035
421 1509 1216
696 307 175
1290 1675 1638
1868 1375 622
978 1084 1895
1933 245 25
1549 216 1228
1046 1218 1515
674 1597 817
204 888 895
1590 763 1995
77 1275 825
908 54 44
533 1755 1703
1007 124 10
1049 430 1229
135 1267 1916
792 384 1481
44 1636 225
260 1606 707
1862 1089 1344
603 806 1844
207 604 38
778 681 1773
1433 676 1775
561 70 1390
1743 785 382
201 1423 668
709 1299 1971
1738 452 763
875 1411 996
1407 540 1089
462 1887 107
619 731 1096
1733 1189 1150
1189 717 937
585 1370 921
339 881 137
1215 1232 1531
297 1615 1685
24 1109 962
310 1652 1835
618 1515 570
449 1794 474
1509 1 1457
366 927 1277
1355 1833 552
1292 1054 1931
1922 1403 983
1585 658 456
1682 1014 398
1306 796 1647
1782 912 1160
1980 217 784
1102 1017 1703
835 632 1321
1851 1735 1107
169 1420 395
860 840 1404
87 508 939
1457 299 115
700 966 1482
1499 1170 1225
1091 1073 979
451 1512 134
151 221 1812
1666 806 54
780 1559 1584
533 1759 926
1266 79 485
1928 1804 1991
603 1472 1091
1965 1344 1435
285 921 1451
846 1082 1653
45 167 890
1728 1426 357
1279 930 879
1549 1933 109
538 1887 915
1538 1269 501
1810 1617 368
647 1409 531
1940 1469 446
1421 112 1680
606 785 1956
1492 1882 1744
1528 1475 15
212 1551 800
561 973 1316
568 1065 1577
261 1903 1363
954 1721 1008
88 386 322
1613 324 170
85 1814 722
1347 1084 1816
1827 43 273
129 1308 854
1569 622 1313
302 159 1051
1128 1954 1245
1078 165 1138
1313 1430 1247
229 801 176
1798 1830 1236
1732 1522 669
1925 1936 843
1992 860 1691
306 270 1148
1662 957 678
793 345 841
1290 1763 1597
800 426 1389
754 1567 160
1928 98 55
1266 829 1248
802 321 1988
770 1295 1497
1480 1838 1184
236 560 1630
1071 120 514
1290 1216 1590
114 1597 1395
518 479 1274
1759 394 830
1283 1561 994
1054 1061 1322
1303 1972 504
660 1576 1334
691 1730 195
1037 1136 510
447 1655 1853
1638 216 300
161 1406 1438
51 1371 1440
136 183 196
404 727 1129
1421 990 254
1659 547 628
1605 82 1660
482 925 1979
1530 1402 1342
86 447 1653
1441 229 1657
811 1167 275
971 928 1536
384 2 185
1960 593 894
1145 1677 250
1878 514 1719
1455 882 208
573 1361 1046
609 1572 1346
1557 1430 1467
697 878 671
402 414 1202
1439 1546 1498
1831 866 849
308 770 1276
1850 149 99
1500 264 1031
682 817 1715
779 910 1539
274 1018 1328
479 7 145
1156 1081 1781
388 1957 163
930 534 315
1374 279 746
1518 861 1762
1740 1925 1491
846 987 470
1080 1733 1058
356 1252 828
808 1088 293
170 1166 1968
556 840 707
1234 761 728
503 1125 261
74 1235 1026
871 776 348
184 1891 521
741 1640 586
782 1144 311
611 1703 1823
1578 542 717
707 689 975
189 1536 201
